'Elapsed time','ECG'
'seconds','mV'
0.000,-0.011
0.005,0.000
0.010,-0.001
0.015,-0.007
0.020,-0.012
0.025,-0.017
0.030,-0.018
0.035,-0.025
0.040,-0.033
0.045,-0.037
0.050,-0.041
0.055,-0.044
0.060,-0.047
0.065,-0.050
0.070,-0.055
0.075,-0.061
0.080,-0.066
0.085,-0.070
0.090,-0.075
0.095,-0.079
0.100,-0.086
0.105,-0.090
0.110,-0.091
0.115,-0.097
0.120,-0.104
0.125,-0.108
0.130,-0.113
0.135,-0.119
0.140,-0.128
0.145,-0.133
0.150,-0.139
0.155,-0.146
0.160,-0.153
0.165,-0.160
0.170,-0.167
0.175,-0.176
0.180,-0.182
0.185,-0.185
0.190,-0.190
0.195,-0.196
0.200,-0.198
0.205,-0.199
0.210,-0.198
0.215,-0.192
0.220,-0.181
0.225,-0.169
0.230,-0.155
0.235,-0.136
0.240,-0.105
0.245,-0.069
0.250,-0.032
0.255,0.004
0.260,0.037
0.265,0.068
0.270,0.096
0.275,0.122
0.280,0.144
0.285,0.160
0.290,0.172
0.295,0.180
0.300,0.183
0.305,0.184
0.310,0.184
0.315,0.184
0.320,0.180
0.325,0.171
0.330,0.163
0.335,0.158
0.340,0.153
0.345,0.147
0.350,0.139
0.355,0.130
0.360,0.122
0.365,0.114
0.370,0.107
0.375,0.100
0.380,0.093
0.385,0.088
0.390,0.082
0.395,0.075
0.400,0.071
0.405,0.064
0.410,0.057
0.415,0.051
0.420,0.044
0.425,0.040
0.430,0.039
0.435,0.037
0.440,0.035
0.445,0.033
0.450,0.029
0.455,0.026
0.460,0.026
0.465,0.024
0.470,0.022
0.475,0.022
0.480,0.020
0.485,0.020
0.490,0.018
0.495,0.018
0.500,0.016
0.505,0.012
0.510,0.013
0.515,0.011
0.520,0.008
0.525,0.009
0.530,0.008
0.535,0.007
0.540,0.006
0.545,0.003
0.550,0.001
0.555,0.000
0.560,0.001
0.565,0.001
0.570,0.000
0.575,-0.005
0.580,-0.010
0.585,-0.010
0.590,-0.011
0.595,-0.013
0.600,-0.011
0.605,-0.011
0.610,-0.016
0.615,-0.019
0.620,-0.019
0.625,-0.017
0.630,-0.015
0.635,-0.017
0.640,-0.020
0.645,-0.023
0.650,-0.027
0.655,-0.028
0.660,-0.027
0.665,-0.026
0.670,-0.027
0.675,-0.027
0.680,-0.027
0.685,-0.028
0.690,-0.031
0.695,-0.033
0.700,-0.032
0.705,-0.028
0.710,-0.027
0.715,-0.031
0.720,-0.033
0.725,-0.035
0.730,-0.038
0.735,-0.038
0.740,-0.036
0.745,-0.031
0.750,-0.028
0.755,-0.028
0.760,-0.031
0.765,-0.034
0.770,-0.033
0.775,-0.030
0.780,-0.028
0.785,-0.029
0.790,-0.028
0.795,-0.028
0.800,-0.028
0.805,-0.030
0.810,-0.031
0.815,-0.029
0.820,-0.027
0.825,-0.026
0.830,-0.026
0.835,-0.027
0.840,-0.027
0.845,-0.026
0.850,-0.027
0.855,-0.026
0.860,-0.025
0.865,-0.025
0.870,-0.032
0.875,-0.049
0.880,-0.062
0.885,-0.062
0.890,-0.058
0.895,-0.059
0.900,-0.072
0.905,-0.088
0.910,-0.095
0.915,-0.093
0.920,-0.083
0.925,-0.075
0.930,-0.070
0.935,-0.060
0.940,-0.043
0.945,-0.014
0.950,0.009
0.955,0.020
0.960,0.032
0.965,0.041
0.970,0.048
0.975,0.053
0.980,0.050
0.985,0.048
0.990,0.047
0.995,0.045
1.000,0.044
1.005,0.042
1.010,0.037
1.015,0.032
1.020,0.041
1.025,0.078
1.030,0.130
1.035,0.144
1.040,0.051
1.045,-0.211
1.050,-0.626
1.055,-1.073
1.060,-1.415
1.065,-1.416
1.070,-0.959
1.075,-0.353
1.080,0.140
1.085,0.400
1.090,0.425
1.095,0.393
1.100,0.337
1.105,0.265
1.110,0.254
1.115,0.263
1.120,0.258
1.125,0.261
1.130,0.262
1.135,0.247
1.140,0.234
1.145,0.225
1.150,0.209
1.155,0.196
1.160,0.193
1.165,0.187
1.170,0.176
1.175,0.167
1.180,0.159
1.185,0.148
1.190,0.135
1.195,0.124
1.200,0.115
1.205,0.106
1.210,0.097
1.215,0.087
1.220,0.078
1.225,0.070
1.230,0.057
1.235,0.043
1.240,0.035
1.245,0.027
1.250,0.019
1.255,0.012
1.260,0.006
1.265,-0.002
1.270,-0.018
1.275,-0.032
1.280,-0.042
1.285,-0.054
1.290,-0.066
1.295,-0.078
1.300,-0.089
1.305,-0.100
1.310,-0.109
1.315,-0.119
1.320,-0.127
1.325,-0.133
1.330,-0.138
1.335,-0.143
1.340,-0.151
1.345,-0.155
1.350,-0.152
1.355,-0.145
1.360,-0.131
1.365,-0.120
1.370,-0.105
1.375,-0.076
1.380,-0.046
1.385,-0.011
1.390,0.026
1.395,0.059
1.400,0.094
1.405,0.121
1.410,0.139
1.415,0.161
1.420,0.180
1.425,0.193
1.430,0.202
1.435,0.202
1.440,0.200
1.445,0.197
1.450,0.190
1.455,0.180
1.460,0.172
1.465,0.165
1.470,0.159
1.475,0.155
1.480,0.143
1.485,0.130
1.490,0.122
1.495,0.116
1.500,0.113
1.505,0.107
1.510,0.097
1.515,0.088
1.520,0.080
1.525,0.073
1.530,0.065
1.535,0.059
1.540,0.057
1.545,0.053
1.550,0.041
1.555,0.029
1.560,0.025
1.565,0.027
1.570,0.025
1.575,0.019
1.580,0.012
1.585,0.009
1.590,0.009
1.595,0.010
1.600,0.012
1.605,0.011
1.610,0.007
1.615,0.007
1.620,0.008
1.625,0.007
1.630,0.006
1.635,0.001
1.640,-0.004
1.645,-0.008
1.650,-0.012
1.655,-0.009
1.660,-0.007
1.665,-0.009
1.670,-0.006
1.675,-0.006
1.680,-0.011
1.685,-0.012
1.690,-0.013
1.695,-0.019
1.700,-0.024
1.705,-0.028
1.710,-0.026
1.715,-0.021
1.720,-0.022
1.725,-0.025
1.730,-0.028
1.735,-0.034
1.740,-0.035
1.745,-0.031
1.750,-0.030
1.755,-0.033
1.760,-0.037
1.765,-0.034
1.770,-0.031
1.775,-0.035
1.780,-0.039
1.785,-0.039
1.790,-0.038
1.795,-0.036
1.800,-0.039
1.805,-0.042
1.810,-0.042
1.815,-0.043
1.820,-0.044
1.825,-0.044
1.830,-0.045
1.835,-0.044
1.840,-0.040
1.845,-0.040
1.850,-0.042
1.855,-0.042
1.860,-0.042
1.865,-0.042
1.870,-0.041
1.875,-0.039
1.880,-0.039
1.885,-0.041
1.890,-0.042
1.895,-0.040
1.900,-0.038
1.905,-0.040
1.910,-0.043
1.915,-0.041
1.920,-0.038
1.925,-0.034
1.930,-0.033
1.935,-0.038
1.940,-0.043
1.945,-0.041
1.950,-0.034
1.955,-0.031
1.960,-0.035
1.965,-0.038
1.970,-0.038
1.975,-0.044
1.980,-0.057
1.985,-0.068
1.990,-0.069
1.995,-0.067
2.000,-0.070
2.005,-0.081
2.010,-0.094
2.015,-0.104
2.020,-0.101
2.025,-0.088
2.030,-0.075
2.035,-0.069
2.040,-0.066
2.045,-0.053
2.050,-0.024
2.055,-0.001
2.060,0.013
2.065,0.030
2.070,0.040
2.075,0.043
2.080,0.044
2.085,0.040
2.090,0.037
2.095,0.037
2.100,0.034
2.105,0.036
2.110,0.039
2.115,0.034
2.120,0.032
2.125,0.044
2.130,0.079
2.135,0.131
2.140,0.144
2.145,0.038
2.150,-0.257
2.155,-0.709
2.160,-1.170
2.165,-1.490
2.170,-1.422
2.175,-0.900
2.180,-0.266
2.185,0.220
2.190,0.435
2.195,0.429
2.200,0.396
2.205,0.336
2.210,0.265
2.215,0.256
2.220,0.264
2.225,0.262
2.230,0.262
2.235,0.254
2.240,0.239
2.245,0.231
2.250,0.228
2.255,0.218
2.260,0.206
2.265,0.194
2.270,0.181
2.275,0.173
2.280,0.168
2.285,0.160
2.290,0.144
2.295,0.131
2.300,0.123
2.305,0.113
2.310,0.103
2.315,0.090
2.320,0.079
2.325,0.073
2.330,0.066
2.335,0.055
2.340,0.044
2.345,0.035
2.350,0.030
2.355,0.022
2.360,0.010
2.365,-0.003
2.370,-0.019
2.375,-0.030
2.380,-0.037
2.385,-0.046
2.390,-0.058
2.395,-0.070
2.400,-0.078
2.405,-0.089
2.410,-0.107
2.415,-0.123
2.420,-0.137
2.425,-0.146
2.430,-0.149
2.435,-0.153
2.440,-0.156
2.445,-0.161
2.450,-0.162
2.455,-0.155
2.460,-0.150
2.465,-0.142
2.470,-0.126
2.475,-0.102
2.480,-0.071
2.485,-0.035
2.490,0.003
2.495,0.042
2.500,0.079
2.505,0.110
2.510,0.135
2.515,0.159
2.520,0.177
2.525,0.187
2.530,0.195
2.535,0.200
2.540,0.205
2.545,0.207
2.550,0.203
2.555,0.197
2.560,0.191
2.565,0.185
2.570,0.175
2.575,0.162
2.580,0.153
2.585,0.148
2.590,0.143
2.595,0.135
2.600,0.123
2.605,0.112
2.610,0.104
2.615,0.095
2.620,0.088
2.625,0.082
2.630,0.074
2.635,0.065
2.640,0.060
2.645,0.054
2.650,0.045
2.655,0.038
2.660,0.032
2.665,0.028
2.670,0.024
2.675,0.021
2.680,0.019
2.685,0.014
2.690,0.010
2.695,0.009
2.700,0.010
2.705,0.011
2.710,0.011
2.715,0.010
2.720,0.006
2.725,0.001
2.730,-0.003
2.735,-0.006
2.740,-0.008
2.745,-0.009
2.750,-0.007
2.755,-0.004
2.760,-0.005
2.765,-0.010
2.770,-0.012
2.775,-0.011
2.780,-0.010
2.785,-0.012
2.790,-0.015
2.795,-0.016
2.800,-0.016
2.805,-0.018
2.810,-0.021
2.815,-0.025
2.820,-0.026
2.825,-0.028
2.830,-0.029
2.835,-0.029
2.840,-0.030
2.845,-0.031
2.850,-0.031
2.855,-0.028
2.860,-0.028
2.865,-0.032
2.870,-0.033
2.875,-0.034
2.880,-0.037
2.885,-0.039
2.890,-0.040
2.895,-0.039
2.900,-0.040
2.905,-0.041
2.910,-0.041
2.915,-0.041
2.920,-0.042
2.925,-0.043
2.930,-0.045
2.935,-0.043
2.940,-0.041
2.945,-0.040
2.950,-0.038
2.955,-0.043
2.960,-0.046
2.965,-0.043
2.970,-0.043
2.975,-0.042
2.980,-0.041
2.985,-0.043
2.990,-0.044
2.995,-0.043
3.000,-0.043
3.005,-0.042
3.010,-0.039
3.015,-0.038
3.020,-0.038
3.025,-0.038
3.030,-0.035
3.035,-0.035
3.040,-0.038
3.045,-0.043
3.050,-0.044
3.055,-0.046
3.060,-0.059
3.065,-0.075
3.070,-0.080
3.075,-0.076
3.080,-0.075
3.085,-0.084
3.090,-0.096
3.095,-0.104
3.100,-0.104
3.105,-0.095
3.110,-0.084
3.115,-0.074
3.120,-0.064
3.125,-0.049
3.130,-0.023
3.135,-0.001
3.140,0.011
3.145,0.025
3.150,0.033
3.155,0.039
3.160,0.044
3.165,0.044
3.170,0.042
3.175,0.040
3.180,0.037
3.185,0.037
3.190,0.037
3.195,0.033
3.200,0.030
3.205,0.043
3.210,0.085
3.215,0.133
3.220,0.130
3.225,0.003
3.230,-0.309
3.235,-0.761
3.240,-1.218
3.245,-1.526
3.250,-1.429
3.255,-0.898
3.260,-0.276
3.265,0.208
3.270,0.424
3.275,0.417
3.280,0.383
3.285,0.329
3.290,0.275
3.295,0.275
3.300,0.276
3.305,0.270
3.310,0.278
3.315,0.274
3.320,0.256
3.325,0.251
3.330,0.246
3.335,0.229
3.340,0.216
3.345,0.207
3.350,0.193
3.355,0.181
3.360,0.173
3.365,0.163
3.370,0.154
3.375,0.145
3.380,0.135
3.385,0.122
3.390,0.110
3.395,0.099
3.400,0.091
3.405,0.081
3.410,0.073
3.415,0.066
3.420,0.056
3.425,0.044
3.430,0.034
3.435,0.024
3.440,0.015
3.445,0.005
3.450,-0.006
3.455,-0.018
3.460,-0.030
3.465,-0.042
3.470,-0.053
3.475,-0.062
3.480,-0.073
3.485,-0.088
3.490,-0.103
3.495,-0.117
3.500,-0.127
3.505,-0.135
3.510,-0.141
3.515,-0.147
3.520,-0.152
3.525,-0.154
3.530,-0.156
3.535,-0.155
3.540,-0.149
3.545,-0.137
3.550,-0.115
3.555,-0.087
3.560,-0.055
3.565,-0.020
3.570,0.014
3.575,0.048
3.580,0.081
3.585,0.114
3.590,0.143
3.595,0.165
3.600,0.180
3.605,0.190
3.610,0.198
3.615,0.203
3.620,0.206
3.625,0.206
3.630,0.203
3.635,0.198
3.640,0.189
3.645,0.179
3.650,0.170
3.655,0.162
3.660,0.153
3.665,0.143
3.670,0.135
3.675,0.129
3.680,0.120
3.685,0.111
3.690,0.104
3.695,0.095
3.700,0.088
3.705,0.080
3.710,0.072
3.715,0.066
3.720,0.058
3.725,0.050
3.730,0.046
3.735,0.039
3.740,0.031
3.745,0.025
3.750,0.021
3.755,0.020
3.760,0.019
3.765,0.014
3.770,0.009
3.775,0.005
3.780,0.002
3.785,0.000
3.790,-0.002
3.795,-0.003
3.800,-0.004
3.805,-0.007
3.810,-0.007
3.815,-0.006
3.820,-0.006
3.825,-0.007
3.830,-0.008
3.835,-0.010
3.840,-0.015
3.845,-0.017
3.850,-0.018
3.855,-0.018
3.860,-0.019
3.865,-0.020
3.870,-0.020
3.875,-0.022
3.880,-0.025
3.885,-0.027
3.890,-0.028
3.895,-0.028
3.900,-0.027
3.905,-0.028
3.910,-0.029
3.915,-0.032
3.920,-0.032
3.925,-0.034
3.930,-0.039
3.935,-0.040
3.940,-0.040
3.945,-0.039
3.950,-0.039
3.955,-0.041
3.960,-0.042
3.965,-0.041
3.970,-0.042
3.975,-0.043
3.980,-0.044
3.985,-0.044
3.990,-0.043
3.995,-0.043
4.000,-0.043
4.005,-0.043
4.010,-0.045
4.015,-0.047
4.020,-0.048
4.025,-0.045
4.030,-0.044
4.035,-0.044
4.040,-0.045
4.045,-0.045
4.050,-0.045
4.055,-0.045
4.060,-0.045
4.065,-0.046
4.070,-0.045
4.075,-0.042
4.080,-0.042
4.085,-0.043
4.090,-0.043
4.095,-0.042
4.100,-0.041
4.105,-0.040
4.110,-0.040
4.115,-0.039
4.120,-0.037
4.125,-0.037
4.130,-0.039
4.135,-0.039
4.140,-0.037
4.145,-0.035
4.150,-0.032
4.155,-0.031
4.160,-0.032
4.165,-0.033
4.170,-0.032
4.175,-0.030
4.180,-0.029
4.185,-0.029
4.190,-0.030
4.195,-0.031
4.200,-0.034
4.205,-0.042
4.210,-0.057
4.215,-0.069
4.220,-0.070
4.225,-0.066
4.230,-0.065
4.235,-0.075
4.240,-0.086
4.245,-0.092
4.250,-0.090
4.255,-0.078
4.260,-0.065
4.265,-0.056
4.270,-0.048
4.275,-0.033
4.280,-0.010
4.285,0.010
4.290,0.020
4.295,0.032
4.300,0.044
4.305,0.051
4.310,0.055
4.315,0.052
4.320,0.049
4.325,0.048
4.330,0.045
4.335,0.043
4.340,0.042
4.345,0.038
4.350,0.037
4.355,0.053
4.360,0.097
4.365,0.144
4.370,0.132
4.375,-0.009
4.380,-0.328
4.385,-0.772
4.390,-1.218
4.395,-1.503
4.400,-1.362
4.405,-0.825
4.410,-0.241
4.415,0.203
4.420,0.396
4.425,0.402
4.430,0.377
4.435,0.316
4.440,0.270
4.445,0.282
4.450,0.286
4.455,0.279
4.460,0.286
4.465,0.279
4.470,0.261
4.475,0.256
4.480,0.250
4.485,0.233
4.490,0.222
4.495,0.214
4.500,0.201
4.505,0.189
4.510,0.181
4.515,0.170
4.520,0.159
4.525,0.149
4.530,0.140
4.535,0.129
4.540,0.119
4.545,0.111
4.550,0.100
4.555,0.089
4.560,0.080
4.565,0.070
4.570,0.060
4.575,0.051
4.580,0.040
4.585,0.029
4.590,0.019
4.595,0.005
4.600,-0.006
4.605,-0.014
4.610,-0.026
4.615,-0.038
4.620,-0.049
4.625,-0.058
4.630,-0.069
4.635,-0.082
4.640,-0.096
4.645,-0.106
4.650,-0.117
4.655,-0.127
4.660,-0.135
4.665,-0.141
4.670,-0.145
4.675,-0.149
4.680,-0.151
4.685,-0.150
4.690,-0.147
4.695,-0.137
4.700,-0.119
4.705,-0.093
4.710,-0.064
4.715,-0.034
4.720,-0.002
4.725,0.031
4.730,0.065
4.735,0.096
4.740,0.122
4.745,0.144
4.750,0.162
4.755,0.175
4.760,0.185
4.765,0.191
4.770,0.193
4.775,0.192
4.780,0.188
4.785,0.184
4.790,0.176
4.795,0.169
4.800,0.162
4.805,0.153
4.810,0.144
4.815,0.136
4.820,0.128
4.825,0.121
4.830,0.112
4.835,0.103
4.840,0.096
4.845,0.087
4.850,0.078
4.855,0.072
4.860,0.067
4.865,0.059
4.870,0.051
4.875,0.045
4.880,0.040
4.885,0.036
4.890,0.032
4.895,0.026
4.900,0.021
4.905,0.017
4.910,0.013
4.915,0.012
4.920,0.008
4.925,0.006
4.930,0.003
4.935,0.000
4.940,-0.002
4.945,-0.003
4.950,-0.003
4.955,-0.003
4.960,-0.004
4.965,-0.006
4.970,-0.006
4.975,-0.007
4.980,-0.010
4.985,-0.012
4.990,-0.014
4.995,-0.015
5.000,-0.014
5.005,-0.017
5.010,-0.020
5.015,-0.021
5.020,-0.023
5.025,-0.022
5.030,-0.021
5.035,-0.024
5.040,-0.026
5.045,-0.026
5.050,-0.026
5.055,-0.028
5.060,-0.030
5.065,-0.031
5.070,-0.032
5.075,-0.035
5.080,-0.035
5.085,-0.033
5.090,-0.035
5.095,-0.037
5.100,-0.039
5.105,-0.037
5.110,-0.036
5.115,-0.038
5.120,-0.038
5.125,-0.036
5.130,-0.037
5.135,-0.039
5.140,-0.041
5.145,-0.042
5.150,-0.042
5.155,-0.042
5.160,-0.043
5.165,-0.042
5.170,-0.041
5.175,-0.041
5.180,-0.041
5.185,-0.042
5.190,-0.042
5.195,-0.041
5.200,-0.039
5.205,-0.038
5.210,-0.037
5.215,-0.037
5.220,-0.037
5.225,-0.037
5.230,-0.038
5.235,-0.037
5.240,-0.035
5.245,-0.035
5.250,-0.034
5.255,-0.034
5.260,-0.035
5.265,-0.034
5.270,-0.034
5.275,-0.035
5.280,-0.034
5.285,-0.032
5.290,-0.031
5.295,-0.029
5.300,-0.029
5.305,-0.030
5.310,-0.030
5.315,-0.027
5.320,-0.025
5.325,-0.023
5.330,-0.023
5.335,-0.025
5.340,-0.025
5.345,-0.025
5.350,-0.027
5.355,-0.035
5.360,-0.051
5.365,-0.064
5.370,-0.065
5.375,-0.061
5.380,-0.061
5.385,-0.072
5.390,-0.086
5.395,-0.092
5.400,-0.088
5.405,-0.075
5.410,-0.065
5.415,-0.057
5.420,-0.045
5.425,-0.030
5.430,-0.007
5.435,0.012
5.440,0.026
5.445,0.039
5.450,0.048
5.455,0.053
5.460,0.054
5.465,0.050
5.470,0.048
5.475,0.045
5.480,0.043
5.485,0.043
5.490,0.042
5.495,0.039
5.500,0.037
5.505,0.054
5.510,0.100
5.515,0.144
5.520,0.128
5.525,-0.017
5.530,-0.336
5.535,-0.778
5.540,-1.220
5.545,-1.492
5.550,-1.333
5.555,-0.791
5.560,-0.220
5.565,0.206
5.570,0.387
5.575,0.393
5.580,0.371
5.585,0.308
5.590,0.262
5.595,0.275
5.600,0.278
5.605,0.272
5.610,0.281
5.615,0.276
5.620,0.259
5.625,0.253
5.630,0.247
5.635,0.234
5.640,0.219
5.645,0.210
5.650,0.199
5.655,0.187
5.660,0.180
5.665,0.166
5.670,0.152
5.675,0.146
5.680,0.136
5.685,0.126
5.690,0.117
5.695,0.107
5.700,0.093
5.705,0.082
5.710,0.075
5.715,0.067
5.720,0.058
5.725,0.050
5.730,0.040
5.735,0.028
5.740,0.018
5.745,0.011
5.750,0.002
5.755,-0.011
5.760,-0.025
5.765,-0.039
5.770,-0.050
5.775,-0.062
5.780,-0.074
5.785,-0.085
5.790,-0.095
5.795,-0.104
5.800,-0.115
5.805,-0.125
5.810,-0.132
5.815,-0.138
5.820,-0.143
5.825,-0.146
5.830,-0.146
5.835,-0.143
5.840,-0.139
5.845,-0.131
5.850,-0.114
5.855,-0.088
5.860,-0.059
5.865,-0.033
5.870,-0.003
5.875,0.031
5.880,0.065
5.885,0.097
5.890,0.125
5.895,0.149
5.900,0.165
5.905,0.174
5.910,0.183
5.915,0.189
5.920,0.192
5.925,0.190
5.930,0.185
5.935,0.181
5.940,0.176
5.945,0.168
5.950,0.160
5.955,0.151
5.960,0.143
5.965,0.135
5.970,0.126
5.975,0.117
5.980,0.109
5.985,0.102
5.990,0.095
5.995,0.089
6.000,0.080
6.005,0.069
6.010,0.061
6.015,0.055
6.020,0.050
6.025,0.044
6.030,0.039
6.035,0.035
6.040,0.032
6.045,0.029
6.050,0.023
6.055,0.018
6.060,0.014
6.065,0.010
6.070,0.008
6.075,0.006
6.080,0.002
6.085,-0.001
6.090,0.000
6.095,0.002
6.100,0.001
6.105,-0.001
6.110,-0.003
6.115,-0.005
6.120,-0.005
6.125,-0.007
6.130,-0.008
6.135,-0.008
6.140,-0.011
6.145,-0.014
6.150,-0.016
6.155,-0.014
6.160,-0.012
6.165,-0.014
6.170,-0.017
6.175,-0.018
6.180,-0.022
6.185,-0.026
6.190,-0.030
6.195,-0.029
6.200,-0.027
6.205,-0.030
6.210,-0.033
6.215,-0.032
6.220,-0.032
6.225,-0.034
6.230,-0.035
6.235,-0.036
6.240,-0.036
6.245,-0.037
6.250,-0.037
6.255,-0.034
6.260,-0.032
6.265,-0.034
6.270,-0.037
6.275,-0.040
6.280,-0.043
6.285,-0.043
6.290,-0.042
6.295,-0.043
6.300,-0.041
6.305,-0.040
6.310,-0.043
6.315,-0.044
6.320,-0.044
6.325,-0.043
6.330,-0.043
6.335,-0.040
6.340,-0.037
6.345,-0.037
6.350,-0.038
6.355,-0.039
6.360,-0.036
6.365,-0.036
6.370,-0.042
6.375,-0.045
6.380,-0.048
6.385,-0.063
6.390,-0.074
6.395,-0.078
6.400,-0.077
6.405,-0.076
6.410,-0.086
6.415,-0.100
6.420,-0.108
6.425,-0.106
6.430,-0.095
6.435,-0.087
6.440,-0.082
6.445,-0.071
6.450,-0.052
6.455,-0.028
6.460,-0.009
6.465,0.004
6.470,0.021
6.475,0.036
6.480,0.041
6.485,0.041
6.490,0.036
6.495,0.034
6.500,0.035
6.505,0.034
6.510,0.034
6.515,0.034
6.520,0.029
6.525,0.025
6.530,0.044
6.535,0.092
6.540,0.134
6.545,0.107
6.550,-0.062
6.555,-0.406
6.560,-0.853
6.565,-1.273
6.570,-1.482
6.575,-1.237
6.580,-0.664
6.585,-0.117
6.590,0.266
6.595,0.396
6.600,0.379
6.605,0.350
6.610,0.280
6.615,0.242
6.620,0.257
6.625,0.253
6.630,0.245
6.635,0.251
6.640,0.242
6.645,0.227
6.650,0.227
6.655,0.223
6.660,0.207
6.665,0.196
6.670,0.187
6.675,0.172
6.680,0.162
6.685,0.152
6.690,0.140
6.695,0.132
6.700,0.127
6.705,0.118
6.710,0.104
6.715,0.093
6.720,0.083
6.725,0.075
6.730,0.066
6.735,0.055
6.740,0.046
6.745,0.040
6.750,0.032
6.755,0.021
6.760,0.009
6.765,0.001
6.770,-0.005
6.775,-0.015
6.780,-0.026
6.785,-0.036
6.790,-0.049
6.795,-0.063
6.800,-0.076
6.805,-0.085
6.810,-0.094
6.815,-0.109
6.820,-0.123
6.825,-0.132
6.830,-0.137
6.835,-0.140
6.840,-0.143
6.845,-0.146
6.850,-0.151
6.855,-0.153
6.860,-0.153
6.865,-0.145
6.870,-0.127
6.875,-0.100
6.880,-0.070
6.885,-0.041
6.890,-0.012
6.895,0.020
6.900,0.056
6.905,0.090
6.910,0.116
6.915,0.138
6.920,0.159
6.925,0.175
6.930,0.187
6.935,0.194
6.940,0.198
6.945,0.199
6.950,0.196
6.955,0.188
6.960,0.181
6.965,0.177
6.970,0.174
6.975,0.164
6.980,0.153
6.985,0.145
6.990,0.136
6.995,0.128
7.000,0.118
7.005,0.108
7.010,0.102
7.015,0.095
7.020,0.089
7.025,0.082
7.030,0.073
7.035,0.064
7.040,0.059
7.045,0.055
7.050,0.048
7.055,0.039
7.060,0.034
7.065,0.031
7.070,0.028
7.075,0.021
7.080,0.015
7.085,0.013
7.090,0.011
7.095,0.010
7.100,0.010
7.105,0.010
7.110,0.011
7.115,0.013
7.120,0.013
7.125,0.009
7.130,0.003
7.135,-0.002
7.140,-0.002
7.145,-0.002
7.150,-0.003
7.155,-0.006
7.160,-0.008
7.165,-0.007
7.170,-0.010
7.175,-0.012
7.180,-0.014
7.185,-0.018
7.190,-0.020
7.195,-0.022
7.200,-0.022
7.205,-0.021
7.210,-0.023
7.215,-0.026
7.220,-0.024
7.225,-0.024
7.230,-0.027
7.235,-0.030
7.240,-0.033
7.245,-0.035
7.250,-0.035
7.255,-0.036
7.260,-0.035
7.265,-0.034
7.270,-0.038
7.275,-0.037
7.280,-0.035
7.285,-0.036
7.290,-0.037
7.295,-0.042
7.300,-0.043
7.305,-0.039
7.310,-0.037
7.315,-0.039
7.320,-0.042
7.325,-0.045
7.330,-0.044
7.335,-0.043
7.340,-0.040
7.345,-0.038
7.350,-0.040
7.355,-0.049
7.360,-0.069
7.365,-0.085
7.370,-0.086
7.375,-0.078
7.380,-0.076
7.385,-0.089
7.390,-0.109
7.395,-0.119
7.400,-0.113
7.405,-0.106
7.410,-0.107
7.415,-0.109
7.420,-0.097
7.425,-0.071
7.430,-0.042
7.435,-0.023
7.440,-0.011
7.445,0.005
7.450,0.020
7.455,0.030
7.460,0.036
7.465,0.035
7.470,0.032
7.475,0.031
7.480,0.029
7.485,0.024
7.490,0.021
7.495,0.019
7.500,0.016
7.505,0.034
7.510,0.083
7.515,0.132
7.520,0.125
7.525,-0.016
7.530,-0.339
7.535,-0.783
7.540,-1.217
7.545,-1.485
7.550,-1.332
7.555,-0.776
7.560,-0.182
7.565,0.247
7.570,0.414
7.575,0.398
7.580,0.368
7.585,0.303
7.590,0.242
7.595,0.241
7.600,0.243
7.605,0.236
7.610,0.244
7.615,0.243
7.620,0.226
7.625,0.217
7.630,0.209
7.635,0.197
7.640,0.190
7.645,0.185
7.650,0.172
7.655,0.157
7.660,0.145
7.665,0.136
7.670,0.126
7.675,0.120
7.680,0.112
7.685,0.097
7.690,0.085
7.695,0.081
7.700,0.077
7.705,0.068
7.710,0.059
7.715,0.048
7.720,0.034
7.725,0.026
7.730,0.019
7.735,0.009
7.740,0.002
7.745,-0.008
7.750,-0.019
7.755,-0.031
7.760,-0.047
7.765,-0.059
7.770,-0.066
7.775,-0.073
7.780,-0.080
7.785,-0.093
7.790,-0.111
7.795,-0.126
7.800,-0.132
7.805,-0.133
7.810,-0.138
7.815,-0.147
7.820,-0.155
7.825,-0.156
7.830,-0.156
7.835,-0.152
7.840,-0.142
7.845,-0.129
7.850,-0.108
7.855,-0.075
7.860,-0.039
7.865,-0.009
7.870,0.019
7.875,0.055
7.880,0.095
7.885,0.125
7.890,0.146
7.895,0.163
7.900,0.179
7.905,0.190
7.910,0.198
7.915,0.205
7.920,0.205
7.925,0.198
7.930,0.192
7.935,0.188
7.940,0.183
7.945,0.174
7.950,0.164
7.955,0.156
7.960,0.147
7.965,0.137
7.970,0.128
7.975,0.120
7.980,0.112
7.985,0.103
7.990,0.094
7.995,0.089
8.000,0.085
8.005,0.078
8.010,0.065
8.015,0.054
8.020,0.050
8.025,0.047
8.030,0.046
8.035,0.045
8.040,0.040
8.045,0.033
8.050,0.028
8.055,0.021
8.060,0.016
8.065,0.013
8.070,0.010
8.075,0.011
8.080,0.015
8.085,0.017
8.090,0.016
8.095,0.012
8.100,0.007
8.105,0.003
8.110,0.001
8.115,-0.004
8.120,-0.008
8.125,-0.006
8.130,-0.005
8.135,-0.006
8.140,-0.006
8.145,-0.006
8.150,-0.008
8.155,-0.012
8.160,-0.015
8.165,-0.015
8.170,-0.013
8.175,-0.014
8.180,-0.018
8.185,-0.019
8.190,-0.020
8.195,-0.022
8.200,-0.024
8.205,-0.029
8.210,-0.033
8.215,-0.033
8.220,-0.032
8.225,-0.030
8.230,-0.032
8.235,-0.035
8.240,-0.035
8.245,-0.035
8.250,-0.037
8.255,-0.038
8.260,-0.039
8.265,-0.041
8.270,-0.039
8.275,-0.036
8.280,-0.033
8.285,-0.038
8.290,-0.045
8.295,-0.044
8.300,-0.041
8.305,-0.040
8.310,-0.038
8.315,-0.038
8.320,-0.038
8.325,-0.041
8.330,-0.042
8.335,-0.039
8.340,-0.038
8.345,-0.039
8.350,-0.042
8.355,-0.045
8.360,-0.045
8.365,-0.043
8.370,-0.041
8.375,-0.042
8.380,-0.052
8.385,-0.068
8.390,-0.079
8.395,-0.081
8.400,-0.076
8.405,-0.077
8.410,-0.089
8.415,-0.106
8.420,-0.115
8.425,-0.110
8.430,-0.100
8.435,-0.096
8.440,-0.093
8.445,-0.087
8.450,-0.070
8.455,-0.044
8.460,-0.019
8.465,0.002
8.470,0.021
8.475,0.035
8.480,0.041
8.485,0.040
8.490,0.036
8.495,0.035
8.500,0.034
8.505,0.029
8.510,0.025
8.515,0.024
8.520,0.023
8.525,0.026
8.530,0.047
8.535,0.094
8.540,0.135
8.545,0.109
8.550,-0.057
8.555,-0.406
8.560,-0.863
8.565,-1.290
8.570,-1.512
8.575,-1.283
8.580,-0.686
8.585,-0.098
8.590,0.303
8.595,0.430
8.600,0.400
8.605,0.367
8.610,0.301
8.615,0.251
8.620,0.257
8.625,0.258
8.630,0.253
8.635,0.260
8.640,0.253
8.645,0.235
8.650,0.227
8.655,0.220
8.660,0.206
8.665,0.198
8.670,0.192
8.675,0.180
8.680,0.169
8.685,0.160
8.690,0.150
8.695,0.138
8.700,0.127
8.705,0.116
8.710,0.103
8.715,0.094
8.720,0.085
8.725,0.075
8.730,0.069
8.735,0.063
8.740,0.053
8.745,0.044
8.750,0.035
8.755,0.024
8.760,0.014
8.765,0.004
8.770,-0.005
8.775,-0.015
8.780,-0.024
8.785,-0.036
8.790,-0.048
8.795,-0.061
8.800,-0.073
8.805,-0.081
8.810,-0.091
8.815,-0.101
8.820,-0.112
8.825,-0.122
8.830,-0.131
8.835,-0.137
8.840,-0.141
8.845,-0.148
8.850,-0.154
8.855,-0.151
8.860,-0.144
8.865,-0.135
8.870,-0.121
8.875,-0.100
8.880,-0.071
8.885,-0.039
8.890,-0.008
8.895,0.025
8.900,0.057
8.905,0.087
8.910,0.116
8.915,0.141
8.920,0.160
8.925,0.175
8.930,0.185
8.935,0.192
8.940,0.196
8.945,0.194
8.950,0.191
8.955,0.188
8.960,0.184
8.965,0.179
8.970,0.170
8.975,0.160
8.980,0.150
8.985,0.143
8.990,0.137
8.995,0.130
9.000,0.122
9.005,0.113
9.010,0.104
9.015,0.097
9.020,0.088
9.025,0.080
9.030,0.075
9.035,0.065
9.040,0.056
9.045,0.048
9.050,0.042
9.055,0.041
9.060,0.037
9.065,0.033
9.070,0.030
9.075,0.026
9.080,0.019
9.085,0.012
9.090,0.009
9.095,0.009
9.100,0.009
9.105,0.008
9.110,0.008
9.115,0.010
9.120,0.009
9.125,0.005
9.130,0.001
9.135,-0.003
9.140,-0.004
9.145,-0.003
9.150,-0.002
9.155,-0.003
9.160,-0.005
9.165,-0.009
9.170,-0.012
9.175,-0.013
9.180,-0.014
9.185,-0.016
9.190,-0.017
9.195,-0.016
9.200,-0.016
9.205,-0.018
9.210,-0.020
9.215,-0.022
9.220,-0.025
9.225,-0.027
9.230,-0.028
9.235,-0.029
9.240,-0.030
9.245,-0.031
9.250,-0.032
9.255,-0.033
9.260,-0.033
9.265,-0.033
9.270,-0.032
9.275,-0.033
9.280,-0.036
9.285,-0.039
9.290,-0.040
9.295,-0.042
9.300,-0.042
9.305,-0.041
9.310,-0.042
9.315,-0.044
9.320,-0.044
9.325,-0.043
9.330,-0.041
9.335,-0.043
9.340,-0.044
9.345,-0.045
9.350,-0.044
9.355,-0.041
9.360,-0.041
9.365,-0.042
9.370,-0.042
9.375,-0.044
9.380,-0.046
9.385,-0.049
9.390,-0.047
9.395,-0.043
9.400,-0.043
9.405,-0.043
9.410,-0.043
9.415,-0.042
9.420,-0.040
9.425,-0.043
9.430,-0.044
9.435,-0.042
9.440,-0.040
9.445,-0.038
9.450,-0.038
9.455,-0.041
9.460,-0.045
9.465,-0.057
9.470,-0.072
9.475,-0.081
9.480,-0.080
9.485,-0.076
9.490,-0.080
9.495,-0.091
9.500,-0.100
9.505,-0.101
9.510,-0.094
9.515,-0.084
9.520,-0.074
9.525,-0.063
9.530,-0.053
9.535,-0.035
9.540,-0.010
9.545,0.007
9.550,0.022
9.555,0.034
9.560,0.042
9.565,0.047
9.570,0.047
9.575,0.045
9.580,0.043
9.585,0.039
9.590,0.035
9.595,0.034
9.600,0.034
9.605,0.033
9.610,0.037
9.615,0.063
9.620,0.110
9.625,0.139
9.630,0.089
9.635,-0.117
9.640,-0.493
9.645,-0.952
9.650,-1.367
9.655,-1.528
9.660,-1.220
9.665,-0.615
9.670,-0.051
9.675,0.320
9.680,0.421
9.685,0.394
9.690,0.359
9.695,0.290
9.700,0.262
9.705,0.276
9.710,0.270
9.715,0.269
9.720,0.278
9.725,0.265
9.730,0.250
9.735,0.247
9.740,0.235
9.745,0.219
9.750,0.210
9.755,0.200
9.760,0.186
9.765,0.177
9.770,0.172
9.775,0.160
9.780,0.147
9.785,0.138
9.790,0.129
9.795,0.118
9.800,0.110
9.805,0.101
9.810,0.091
9.815,0.081
9.820,0.071
9.825,0.062
9.830,0.054
9.835,0.044
9.840,0.035
9.845,0.027
9.850,0.018
9.855,0.007
9.860,-0.005
9.865,-0.017
9.870,-0.026
9.875,-0.038
9.880,-0.052
9.885,-0.064
9.890,-0.074
9.895,-0.086
9.900,-0.098
9.905,-0.110
9.910,-0.119
9.915,-0.126
9.920,-0.134
9.925,-0.143
9.930,-0.147
9.935,-0.148
9.940,-0.149
9.945,-0.146
9.950,-0.138
9.955,-0.125
9.960,-0.102
9.965,-0.071
9.970,-0.041
9.975,-0.008
9.980,0.028
9.985,0.060
9.990,0.090
9.995,0.117
10.000,0.141
10.005,0.160
10.010,0.176
10.015,0.187
10.020,0.194
10.025,0.198
10.030,0.195
10.035,0.190
10.040,0.184
10.045,0.176
10.050,0.170
10.055,0.164
10.060,0.156
10.065,0.147
10.070,0.140
10.075,0.132
10.080,0.124
10.085,0.116
10.090,0.105
10.095,0.097
10.100,0.089
10.105,0.081
10.110,0.075
10.115,0.070
10.120,0.065
10.125,0.059
10.130,0.052
10.135,0.044
10.140,0.038
10.145,0.033
10.150,0.028
10.155,0.023
10.160,0.020
10.165,0.017
10.170,0.014
10.175,0.010
10.180,0.008
10.185,0.008
10.190,0.006
10.195,0.004
10.200,0.003
10.205,0.001
10.210,0.001
10.215,-0.001
10.220,-0.002
10.225,-0.003
10.230,-0.006
10.235,-0.006
10.240,-0.006
10.245,-0.009
10.250,-0.011
10.255,-0.013
10.260,-0.015
10.265,-0.015
10.270,-0.015
10.275,-0.017
10.280,-0.019
10.285,-0.020
10.290,-0.020
10.295,-0.022
10.300,-0.024
10.305,-0.024
10.310,-0.024
10.315,-0.026
10.320,-0.029
10.325,-0.029
10.330,-0.028
10.335,-0.031
10.340,-0.031
10.345,-0.030
10.350,-0.032
10.355,-0.033
10.360,-0.035
10.365,-0.035
10.370,-0.037
10.375,-0.038
10.380,-0.036
10.385,-0.034
10.390,-0.034
10.395,-0.035
10.400,-0.037
10.405,-0.040
10.410,-0.045
10.415,-0.045
10.420,-0.041
10.425,-0.038
10.430,-0.037
10.435,-0.037
10.440,-0.036
10.445,-0.036
10.450,-0.035
10.455,-0.034
10.460,-0.034
10.465,-0.033
10.470,-0.033
10.475,-0.033
10.480,-0.032
10.485,-0.034
10.490,-0.036
10.495,-0.032
10.500,-0.028
10.505,-0.028
10.510,-0.028
10.515,-0.030
10.520,-0.029
10.525,-0.028
10.530,-0.029
10.535,-0.029
10.540,-0.028
10.545,-0.029
10.550,-0.030
10.555,-0.030
10.560,-0.032
10.565,-0.033
10.570,-0.033
10.575,-0.033
10.580,-0.032
10.585,-0.033
10.590,-0.032
10.595,-0.031
10.600,-0.030
10.605,-0.028
10.610,-0.029
10.615,-0.030
10.620,-0.032
10.625,-0.032
10.630,-0.031
10.635,-0.030
10.640,-0.029
10.645,-0.028
10.650,-0.030
10.655,-0.035
10.660,-0.045
10.665,-0.059
10.670,-0.068
10.675,-0.068
10.680,-0.065
10.685,-0.066
10.690,-0.076
10.695,-0.086
10.700,-0.089
10.705,-0.084
10.710,-0.073
10.715,-0.060
10.720,-0.050
10.725,-0.041
10.730,-0.027
10.735,-0.007
10.740,0.011
10.745,0.023
10.750,0.035
10.755,0.045
10.760,0.050
10.765,0.051
10.770,0.050
10.775,0.048
10.780,0.046
10.785,0.045
10.790,0.044
10.795,0.043
10.800,0.040
10.805,0.037
10.810,0.051
10.815,0.091
10.820,0.136
10.825,0.135
10.830,0.017
10.835,-0.270
10.840,-0.696
10.845,-1.146
10.850,-1.467
10.855,-1.394
10.860,-0.891
10.865,-0.301
10.870,0.159
10.875,0.382
10.880,0.402
10.885,0.381
10.890,0.326
10.895,0.271
10.900,0.275
10.905,0.282
10.910,0.275
10.915,0.283
10.920,0.280
10.925,0.261
10.930,0.254
10.935,0.252
10.940,0.237
10.945,0.225
10.950,0.216
10.955,0.202
10.960,0.189
10.965,0.180
10.970,0.169
10.975,0.159
10.980,0.151
10.985,0.141
10.990,0.130
10.995,0.118
11.000,0.109
11.005,0.100
11.010,0.090
11.015,0.081
11.020,0.072
11.025,0.060
11.030,0.050
11.035,0.041
11.040,0.030
11.045,0.020
11.050,0.011
11.055,0.001
11.060,-0.009
11.065,-0.020
11.070,-0.033
11.075,-0.045
11.080,-0.055
11.085,-0.067
11.090,-0.079
11.095,-0.089
11.100,-0.099
11.105,-0.109
11.110,-0.119
11.115,-0.127
11.120,-0.135
11.125,-0.142
11.130,-0.145
11.135,-0.147
11.140,-0.147
11.145,-0.145
11.150,-0.135
11.155,-0.118
11.160,-0.096
11.165,-0.071
11.170,-0.042
11.175,-0.009
11.180,0.022
11.185,0.053
11.190,0.083
11.195,0.111
11.200,0.136
11.205,0.155
11.210,0.168
11.215,0.175
11.220,0.180
11.225,0.185
11.230,0.185
11.235,0.180
11.240,0.175
11.245,0.172
11.250,0.167
11.255,0.159
11.260,0.150
11.265,0.141
11.270,0.134
11.275,0.127
11.280,0.117
11.285,0.110
11.290,0.103
11.295,0.094
11.300,0.085
11.305,0.077
11.310,0.070
11.315,0.064
11.320,0.058
11.325,0.052
11.330,0.047
11.335,0.041
11.340,0.034
11.345,0.030
11.350,0.027
11.355,0.024
11.360,0.019
11.365,0.015
11.370,0.009
11.375,0.006
11.380,0.006
11.385,0.005
11.390,0.002
11.395,0.001
11.400,0.001
11.405,0.001
11.410,0.001
11.415,0.000
11.420,-0.002
11.425,-0.001
11.430,-0.002
11.435,-0.004
11.440,-0.005
11.445,-0.007
11.450,-0.010
11.455,-0.011
11.460,-0.011
11.465,-0.013
11.470,-0.014
11.475,-0.016
11.480,-0.017
11.485,-0.018
11.490,-0.019
11.495,-0.020
11.500,-0.022
11.505,-0.024
11.510,-0.024
11.515,-0.024
11.520,-0.026
11.525,-0.028
11.530,-0.030
11.535,-0.031
11.540,-0.031
11.545,-0.035
11.550,-0.036
11.555,-0.036
11.560,-0.037
11.565,-0.037
11.570,-0.037
11.575,-0.038
11.580,-0.039
11.585,-0.039
11.590,-0.040
11.595,-0.042
11.600,-0.043
11.605,-0.044
11.610,-0.045
11.615,-0.042
11.620,-0.041
11.625,-0.041
11.630,-0.042
11.635,-0.043
11.640,-0.044
11.645,-0.044
11.650,-0.044
11.655,-0.042
11.660,-0.040
11.665,-0.038
11.670,-0.037
11.675,-0.036
11.680,-0.037
11.685,-0.039
11.690,-0.040
11.695,-0.039
11.700,-0.038
11.705,-0.038
11.710,-0.036
11.715,-0.034
11.720,-0.032
11.725,-0.032
11.730,-0.032
11.735,-0.032
11.740,-0.032
11.745,-0.032
11.750,-0.031
11.755,-0.031
11.760,-0.033
11.765,-0.031
11.770,-0.027
11.775,-0.025
11.780,-0.024
11.785,-0.025
11.790,-0.025
11.795,-0.026
11.800,-0.027
11.805,-0.027
11.810,-0.026
11.815,-0.024
11.820,-0.021
11.825,-0.019
11.830,-0.018
11.835,-0.018
11.840,-0.020
11.845,-0.021
11.850,-0.025
11.855,-0.035
11.860,-0.049
11.865,-0.060
11.870,-0.059
11.875,-0.054
11.880,-0.057
11.885,-0.070
11.890,-0.083
11.895,-0.087
11.900,-0.080
11.905,-0.069
11.910,-0.059
11.915,-0.051
11.920,-0.040
11.925,-0.025
11.930,-0.004
11.935,0.014
11.940,0.026
11.945,0.040
11.950,0.052
11.955,0.058
11.960,0.058
11.965,0.054
11.970,0.053
11.975,0.050
11.980,0.046
11.985,0.043
11.990,0.042
11.995,0.041
12.000,0.039
12.005,0.049
12.010,0.085
12.015,0.133
12.020,0.142
12.025,0.049
12.030,-0.206
12.035,-0.611
12.040,-1.056
12.045,-1.402
12.050,-1.403
12.055,-0.956
12.060,-0.366
12.065,0.109
12.070,0.365
12.075,0.400
12.080,0.379
12.085,0.331
12.090,0.266
12.095,0.260
12.100,0.269
12.105,0.264
12.110,0.270
12.115,0.268
12.120,0.249
12.125,0.241
12.130,0.239
12.135,0.225
12.140,0.208
12.145,0.200
12.150,0.192
12.155,0.179
12.160,0.173
12.165,0.165
12.170,0.153
12.175,0.142
12.180,0.130
12.185,0.118
12.190,0.108
12.195,0.101
12.200,0.093
12.205,0.082
12.210,0.071
12.215,0.062
12.220,0.055
12.225,0.048
12.230,0.037
12.235,0.025
12.240,0.017
12.245,0.012
12.250,0.003
12.255,-0.010
12.260,-0.024
12.265,-0.034
12.270,-0.042
12.275,-0.053
12.280,-0.066
12.285,-0.076
12.290,-0.087
12.295,-0.098
12.300,-0.107
12.305,-0.114
12.310,-0.120
12.315,-0.124
12.320,-0.131
12.325,-0.137
12.330,-0.137
12.335,-0.135
12.340,-0.133
12.345,-0.128
12.350,-0.117
12.355,-0.098
12.360,-0.073
12.365,-0.046
12.370,-0.017
12.375,0.017
12.380,0.048
12.385,0.076
12.390,0.105
12.395,0.129
12.400,0.148
12.405,0.161
12.410,0.169
12.415,0.177
12.420,0.184
12.425,0.186
12.430,0.184
12.435,0.179
12.440,0.172
12.445,0.166
12.450,0.160
12.455,0.156
12.460,0.149
12.465,0.139
12.470,0.131
12.475,0.124
12.480,0.118
12.485,0.109
12.490,0.099
12.495,0.089
12.500,0.080
12.505,0.074
12.510,0.069
12.515,0.063
12.520,0.057
12.525,0.050
12.530,0.043
12.535,0.038
12.540,0.032
12.545,0.028
12.550,0.025
12.555,0.022
12.560,0.017
12.565,0.013
12.570,0.010
12.575,0.006
12.580,0.006
12.585,0.006
12.590,0.005
12.595,0.005
12.600,0.002
12.605,-0.001
12.610,-0.002
12.615,-0.004
12.620,-0.004
12.625,-0.003
12.630,-0.004
12.635,-0.005
12.640,-0.007
12.645,-0.012
12.650,-0.015
12.655,-0.016
12.660,-0.018
12.665,-0.016
12.670,-0.015
12.675,-0.016
12.680,-0.018
12.685,-0.020
12.690,-0.022
12.695,-0.025
12.700,-0.027
12.705,-0.025
12.710,-0.022
12.715,-0.023
12.720,-0.028
12.725,-0.034
12.730,-0.036
12.735,-0.036
12.740,-0.035
12.745,-0.032
12.750,-0.033
12.755,-0.036
12.760,-0.037
12.765,-0.034
12.770,-0.032
12.775,-0.034
12.780,-0.038
12.785,-0.042
12.790,-0.044
12.795,-0.044
12.800,-0.042
12.805,-0.041
12.810,-0.043
12.815,-0.046
12.820,-0.045
12.825,-0.043
12.830,-0.043
12.835,-0.043
12.840,-0.042
12.845,-0.040
12.850,-0.040
12.855,-0.040
12.860,-0.041
12.865,-0.041
12.870,-0.042
12.875,-0.046
12.880,-0.045
12.885,-0.042
12.890,-0.040
12.895,-0.041
12.900,-0.042
12.905,-0.042
12.910,-0.041
12.915,-0.041
12.920,-0.039
12.925,-0.037
12.930,-0.039
12.935,-0.041
12.940,-0.039
12.945,-0.036
12.950,-0.038
12.955,-0.038
12.960,-0.032
12.965,-0.027
12.970,-0.026
12.975,-0.027
12.980,-0.029
12.985,-0.029
12.990,-0.027
12.995,-0.027
13.000,-0.027
13.005,-0.024
13.010,-0.023
13.015,-0.022
13.020,-0.022
13.025,-0.026
13.030,-0.034
13.035,-0.053
13.040,-0.063
13.045,-0.060
13.050,-0.058
13.055,-0.062
13.060,-0.073
13.065,-0.086
13.070,-0.089
13.075,-0.085
13.080,-0.075
13.085,-0.066
13.090,-0.059
13.095,-0.049
13.100,-0.029
13.105,-0.005
13.110,0.012
13.115,0.025
13.120,0.040
13.125,0.047
13.130,0.051
13.135,0.056
13.140,0.054
13.145,0.051
13.150,0.046
13.155,0.042
13.160,0.042
13.165,0.039
13.170,0.035
13.175,0.037
13.180,0.053
13.185,0.094
13.190,0.141
13.195,0.145
13.200,0.035
13.205,-0.247
13.210,-0.673
13.215,-1.115
13.220,-1.428
13.225,-1.365
13.230,-0.863
13.235,-0.262
13.240,0.200
13.245,0.417
13.250,0.419
13.255,0.386
13.260,0.322
13.265,0.252
13.270,0.249
13.275,0.258
13.280,0.253
13.285,0.257
13.290,0.254
13.295,0.236
13.300,0.227
13.305,0.225
13.310,0.214
13.315,0.203
13.320,0.194
13.325,0.182
13.330,0.172
13.335,0.163
13.340,0.150
13.345,0.139
13.350,0.130
13.355,0.125
13.360,0.116
13.365,0.106
13.370,0.096
13.375,0.087
13.380,0.079
13.385,0.070
13.390,0.059
13.395,0.048
13.400,0.039
13.405,0.030
13.410,0.021
13.415,0.015
13.420,0.006
13.425,-0.007
13.430,-0.017
13.435,-0.026
13.440,-0.037
13.445,-0.046
13.450,-0.056
13.455,-0.068
13.460,-0.080
13.465,-0.094
13.470,-0.103
13.475,-0.107
13.480,-0.114
13.485,-0.122
13.490,-0.131
13.495,-0.139
13.500,-0.140
13.505,-0.139
13.510,-0.140
13.515,-0.137
13.520,-0.129
13.525,-0.116
13.530,-0.095
13.535,-0.070
13.540,-0.040
13.545,-0.008
13.550,0.023
13.555,0.056
13.560,0.086
13.565,0.113
13.570,0.138
13.575,0.158
13.580,0.174
13.585,0.185
13.590,0.194
13.595,0.199
13.600,0.195
13.605,0.186
13.610,0.179
13.615,0.175
13.620,0.172
13.625,0.165
13.630,0.155
13.635,0.147
13.640,0.140
13.645,0.131
13.650,0.123
13.655,0.116
13.660,0.107
13.665,0.099
13.670,0.089
13.675,0.082
13.680,0.078
13.685,0.070
13.690,0.063
13.695,0.057
13.700,0.052
13.705,0.047
13.710,0.041
13.715,0.036
13.720,0.030
13.725,0.025
13.730,0.022
13.735,0.021
13.740,0.018
13.745,0.012
13.750,0.008
13.755,0.008
13.760,0.009
13.765,0.008
13.770,0.006
13.775,0.006
13.780,0.009
13.785,0.007
13.790,0.003
13.795,0.001
13.800,-0.001
13.805,-0.004
13.810,-0.006
13.815,-0.005
13.820,-0.005
13.825,-0.008
13.830,-0.011
13.835,-0.012
13.840,-0.013
13.845,-0.017
13.850,-0.022
13.855,-0.023
13.860,-0.019
13.865,-0.019
13.870,-0.026
13.875,-0.029
13.880,-0.027
13.885,-0.027
13.890,-0.027
13.895,-0.029
13.900,-0.032
13.905,-0.034
13.910,-0.038
13.915,-0.040
13.920,-0.037
13.925,-0.034
13.930,-0.037
13.935,-0.038
13.940,-0.039
13.945,-0.044
13.950,-0.049
13.955,-0.051
13.960,-0.049
13.965,-0.045
13.970,-0.042
13.975,-0.041
13.980,-0.037
13.985,-0.037
13.990,-0.044
13.995,-0.046
14.000,-0.043
14.005,-0.040
14.010,-0.039
14.015,-0.042
14.020,-0.045
14.025,-0.044
14.030,-0.044
14.035,-0.043
14.040,-0.041
14.045,-0.040
14.050,-0.040
14.055,-0.038
14.060,-0.038
14.065,-0.038
14.070,-0.037
14.075,-0.040
14.080,-0.041
14.085,-0.040
14.090,-0.038
14.095,-0.035
14.100,-0.034
14.105,-0.036
14.110,-0.036
14.115,-0.036
14.120,-0.037
14.125,-0.035
14.130,-0.033
14.135,-0.029
14.140,-0.026
14.145,-0.030
14.150,-0.036
14.155,-0.041
14.160,-0.051
14.165,-0.067
14.170,-0.072
14.175,-0.063
14.180,-0.059
14.185,-0.067
14.190,-0.085
14.195,-0.100
14.200,-0.102
14.205,-0.092
14.210,-0.081
14.215,-0.069
14.220,-0.060
14.225,-0.047
14.230,-0.025
14.235,-0.010
14.240,0.002
14.245,0.023
14.250,0.040
14.255,0.047
14.260,0.048
14.265,0.044
14.270,0.044
14.275,0.044
14.280,0.041
14.285,0.039
14.290,0.036
14.295,0.033
14.300,0.034
14.305,0.043
14.310,0.075
14.315,0.123
14.320,0.144
14.325,0.075
14.330,-0.158
14.335,-0.559
14.340,-1.009
14.345,-1.380
14.350,-1.459
14.355,-1.060
14.360,-0.432
14.365,0.094
14.370,0.387
14.375,0.425
14.380,0.391
14.385,0.355
14.390,0.284
14.395,0.255
14.400,0.261
14.405,0.251
14.410,0.251
14.415,0.258
14.420,0.246
14.425,0.232
14.430,0.227
14.435,0.216
14.440,0.204
14.445,0.199
14.450,0.188
14.455,0.174
14.460,0.164
14.465,0.154
14.470,0.142
14.475,0.133
14.480,0.128
14.485,0.120
14.490,0.108
14.495,0.097
14.500,0.085
14.505,0.075
14.510,0.066
14.515,0.056
14.520,0.044
14.525,0.034
14.530,0.026
14.535,0.019
14.540,0.012
14.545,0.002
14.550,-0.006
14.555,-0.017
14.560,-0.031
14.565,-0.042
14.570,-0.051
14.575,-0.061
14.580,-0.073
14.585,-0.084
14.590,-0.092
14.595,-0.101
14.600,-0.110
14.605,-0.121
14.610,-0.130
14.615,-0.135
14.620,-0.140
14.625,-0.145
14.630,-0.148
14.635,-0.148
14.640,-0.143
14.645,-0.135
14.650,-0.121
14.655,-0.100
14.660,-0.074
14.665,-0.045
14.670,-0.013
14.675,0.019
14.680,0.051
14.685,0.085
14.690,0.114
14.695,0.138
14.700,0.156
14.705,0.171
14.710,0.184
14.715,0.193
14.720,0.198
14.725,0.202
14.730,0.198
14.735,0.187
14.740,0.176
14.745,0.169
14.750,0.165
14.755,0.162
14.760,0.157
14.765,0.150
14.770,0.140
14.775,0.128
14.780,0.115
14.785,0.106
14.790,0.099
14.795,0.092
14.800,0.085
14.805,0.081
14.810,0.075
14.815,0.066
14.820,0.057
14.825,0.050
14.830,0.046
14.835,0.041
14.840,0.034
14.845,0.031
14.850,0.029
14.855,0.024
14.860,0.019
14.865,0.015
14.870,0.012
14.875,0.007
14.880,0.003
14.885,0.005
14.890,0.007
14.895,0.008
14.900,0.007
14.905,0.002
14.910,-0.001
14.915,-0.003
14.920,-0.003
14.925,-0.001
14.930,-0.003
14.935,-0.007
14.940,-0.008
14.945,-0.010
14.950,-0.011
14.955,-0.013
14.960,-0.016
14.965,-0.014
14.970,-0.012
14.975,-0.014
14.980,-0.018
14.985,-0.020
14.990,-0.019
14.995,-0.018
15.000,-0.020
15.005,-0.023
15.010,-0.026
15.015,-0.026
15.020,-0.030
15.025,-0.033
15.030,-0.032
15.035,-0.031
15.040,-0.033
15.045,-0.032
15.050,-0.033
15.055,-0.035
15.060,-0.036
15.065,-0.040
15.070,-0.042
15.075,-0.040
15.080,-0.037
15.085,-0.036
15.090,-0.036
15.095,-0.036
15.100,-0.038
15.105,-0.040
15.110,-0.041
15.115,-0.041
15.120,-0.039
15.125,-0.038
15.130,-0.039
15.135,-0.038
15.140,-0.039
15.145,-0.039
15.150,-0.042
15.155,-0.045
15.160,-0.044
15.165,-0.042
15.170,-0.038
15.175,-0.037
15.180,-0.038
15.185,-0.038
15.190,-0.038
15.195,-0.037
15.200,-0.035
15.205,-0.035
15.210,-0.037
15.215,-0.037
15.220,-0.034
15.225,-0.033
15.230,-0.034
15.235,-0.033
15.240,-0.032
15.245,-0.032
15.250,-0.032
15.255,-0.029
15.260,-0.029
15.265,-0.030
15.270,-0.030
15.275,-0.036
15.280,-0.055
15.285,-0.071
15.290,-0.074
15.295,-0.071
15.300,-0.069
15.305,-0.078
15.310,-0.089
15.315,-0.096
15.320,-0.094
15.325,-0.082
15.330,-0.071
15.335,-0.062
15.340,-0.052
15.345,-0.040
15.350,-0.016
15.355,0.004
15.360,0.016
15.365,0.030
15.370,0.039
15.375,0.047
15.380,0.051
15.385,0.049
15.390,0.046
15.395,0.048
15.400,0.044
15.405,0.038
15.410,0.038
15.415,0.038
15.420,0.036
15.425,0.051
15.430,0.096
15.435,0.138
15.440,0.122
15.445,-0.028
15.450,-0.353
15.455,-0.799
15.460,-1.244
15.465,-1.519
15.470,-1.362
15.475,-0.802
15.480,-0.192
15.485,0.256
15.490,0.429
15.495,0.411
15.500,0.375
15.505,0.315
15.510,0.270
15.515,0.276
15.520,0.274
15.525,0.266
15.530,0.275
15.535,0.270
15.540,0.252
15.545,0.245
15.550,0.240
15.555,0.226
15.560,0.214
15.565,0.205
15.570,0.191
15.575,0.180
15.580,0.173
15.585,0.161
15.590,0.148
15.595,0.138
15.600,0.128
15.605,0.117
15.610,0.109
15.615,0.098
15.620,0.087
15.625,0.077
15.630,0.068
15.635,0.058
15.640,0.048
15.645,0.038
15.650,0.031
15.655,0.024
15.660,0.013
15.665,0.001
15.670,-0.010
15.675,-0.021
15.680,-0.031
15.685,-0.040
15.690,-0.052
15.695,-0.065
15.700,-0.076
15.705,-0.089
15.710,-0.103
15.715,-0.113
15.720,-0.123
15.725,-0.132
15.730,-0.139
15.735,-0.145
15.740,-0.148
15.745,-0.152
15.750,-0.156
15.755,-0.157
15.760,-0.150
15.765,-0.135
15.770,-0.116
15.775,-0.091
15.780,-0.060
15.785,-0.025
15.790,0.009
15.795,0.043
15.800,0.077
15.805,0.107
15.810,0.134
15.815,0.157
15.820,0.173
15.825,0.186
15.830,0.193
15.835,0.197
15.840,0.198
15.845,0.194
15.850,0.191
15.855,0.187
15.860,0.181
15.865,0.173
15.870,0.164
15.875,0.158
15.880,0.152
15.885,0.142
15.890,0.135
15.895,0.127
15.900,0.118
15.905,0.108
15.910,0.099
15.915,0.093
15.920,0.086
15.925,0.077
15.930,0.068
15.935,0.061
15.940,0.056
15.945,0.049
15.950,0.041
15.955,0.037
15.960,0.033
15.965,0.027
15.970,0.022
15.975,0.018
15.980,0.015
15.985,0.011
15.990,0.005
15.995,0.002
16.000,0.001
16.005,0.000
16.010,-0.001
16.015,-0.002
16.020,-0.003
16.025,-0.005
16.030,-0.008
16.035,-0.008
16.040,-0.007
16.045,-0.008
16.050,-0.009
16.055,-0.012
16.060,-0.015
16.065,-0.013
16.070,-0.012
16.075,-0.015
16.080,-0.019
16.085,-0.020
16.090,-0.022
16.095,-0.022
16.100,-0.022
16.105,-0.022
16.110,-0.023
16.115,-0.027
16.120,-0.028
16.125,-0.026
16.130,-0.027
16.135,-0.030
16.140,-0.031
16.145,-0.033
16.150,-0.035
16.155,-0.038
16.160,-0.038
16.165,-0.037
16.170,-0.036
16.175,-0.034
16.180,-0.035
16.185,-0.037
16.190,-0.039
16.195,-0.040
16.200,-0.040
16.205,-0.041
16.210,-0.041
16.215,-0.042
16.220,-0.043
16.225,-0.040
16.230,-0.041
16.235,-0.043
16.240,-0.042
16.245,-0.040
16.250,-0.039
16.255,-0.039
16.260,-0.040
16.265,-0.041
16.270,-0.041
16.275,-0.041
16.280,-0.042
16.285,-0.041
16.290,-0.039
16.295,-0.038
16.300,-0.037
16.305,-0.036
16.310,-0.035
16.315,-0.036
16.320,-0.038
16.325,-0.037
16.330,-0.034
16.335,-0.034
16.340,-0.035
16.345,-0.036
16.350,-0.035
16.355,-0.036
16.360,-0.036
16.365,-0.032
16.370,-0.030
16.375,-0.030
16.380,-0.029
16.385,-0.028
16.390,-0.028
16.395,-0.028
16.400,-0.028
16.405,-0.029
16.410,-0.028
16.415,-0.027
16.420,-0.024
16.425,-0.021
16.430,-0.018
16.435,-0.019
16.440,-0.024
16.445,-0.027
16.450,-0.032
16.455,-0.045
16.460,-0.059
16.465,-0.064
16.470,-0.060
16.475,-0.059
16.480,-0.068
16.485,-0.080
16.490,-0.085
16.495,-0.086
16.500,-0.077
16.505,-0.064
16.510,-0.055
16.515,-0.046
16.520,-0.034
16.525,-0.013
16.530,0.009
16.535,0.022
16.540,0.035
16.545,0.045
16.550,0.053
16.555,0.056
16.560,0.055
16.565,0.054
16.570,0.052
16.575,0.049
16.580,0.045
16.585,0.044
16.590,0.041
16.595,0.037
16.600,0.044
16.605,0.080
16.610,0.131
16.615,0.146
16.620,0.061
16.625,-0.187
16.630,-0.591
16.635,-1.053
16.640,-1.426
16.645,-1.462
16.650,-1.035
16.655,-0.429
16.660,0.078
16.665,0.365
16.670,0.410
16.675,0.383
16.680,0.338
16.685,0.277
16.690,0.271
16.695,0.285
16.700,0.278
16.705,0.280
16.710,0.280
16.715,0.262
16.720,0.251
16.725,0.250
16.730,0.236
16.735,0.220
16.740,0.214
16.745,0.205
16.750,0.191
16.755,0.180
16.760,0.169
16.765,0.159
16.770,0.150
16.775,0.140
16.780,0.127
16.785,0.116
16.790,0.108
16.795,0.100
16.800,0.091
16.805,0.080
16.810,0.068
16.815,0.057
16.820,0.048
16.825,0.041
16.830,0.031
16.835,0.020
16.840,0.010
16.845,0.000
16.850,-0.011
16.855,-0.022
16.860,-0.033
16.865,-0.044
16.870,-0.056
16.875,-0.068
16.880,-0.080
16.885,-0.092
16.890,-0.103
16.895,-0.113
16.900,-0.121
16.905,-0.129
16.910,-0.137
16.915,-0.144
16.920,-0.149
16.925,-0.149
16.930,-0.148
16.935,-0.145
16.940,-0.138
16.945,-0.125
16.950,-0.102
16.955,-0.074
16.960,-0.045
16.965,-0.012
16.970,0.022
16.975,0.055
16.980,0.086
16.985,0.113
16.990,0.137
16.995,0.156
17.000,0.169
17.005,0.179
17.010,0.186
17.015,0.191
17.020,0.191
17.025,0.188
17.030,0.185
17.035,0.178
17.040,0.171
17.045,0.164
17.050,0.156
17.055,0.150
17.060,0.142
17.065,0.133
17.070,0.124
17.075,0.115
17.080,0.108
17.085,0.102
17.090,0.094
17.095,0.083
17.100,0.075
17.105,0.069
17.110,0.062
17.115,0.054
17.120,0.048
17.125,0.042
17.130,0.036
17.135,0.029
17.140,0.024
17.145,0.020
17.150,0.017
17.155,0.014
17.160,0.011
17.165,0.007
17.170,0.004
17.175,0.001
17.180,-0.001
17.185,-0.003
17.190,-0.002
17.195,-0.003
17.200,-0.004
17.205,-0.006
17.210,-0.007
17.215,-0.009
17.220,-0.011
17.225,-0.010
17.230,-0.010
17.235,-0.011
17.240,-0.013
17.245,-0.015
17.250,-0.016
17.255,-0.017
17.260,-0.018
17.265,-0.020
17.270,-0.021
17.275,-0.022
17.280,-0.023
17.285,-0.025
17.290,-0.026
17.295,-0.026
17.300,-0.029
17.305,-0.031
17.310,-0.030
17.315,-0.030
17.320,-0.031
17.325,-0.032
17.330,-0.034
17.335,-0.034
17.340,-0.035
17.345,-0.037
17.350,-0.037
17.355,-0.037
17.360,-0.039
17.365,-0.039
17.370,-0.037
17.375,-0.038
17.380,-0.039
17.385,-0.041
17.390,-0.042
17.395,-0.042
17.400,-0.041
17.405,-0.041
17.410,-0.040
17.415,-0.040
17.420,-0.040
17.425,-0.040
17.430,-0.040
17.435,-0.041
17.440,-0.042
17.445,-0.043
17.450,-0.041
17.455,-0.039
17.460,-0.040
17.465,-0.040
17.470,-0.041
17.475,-0.040
17.480,-0.037
17.485,-0.038
17.490,-0.037
17.495,-0.036
17.500,-0.037
17.505,-0.036
17.510,-0.035
17.515,-0.034
17.520,-0.033
17.525,-0.032
17.530,-0.034
17.535,-0.033
17.540,-0.032
17.545,-0.032
17.550,-0.031
17.555,-0.031
17.560,-0.031
17.565,-0.029
17.570,-0.028
17.575,-0.027
17.580,-0.026
17.585,-0.026
17.590,-0.024
17.595,-0.022
17.600,-0.023
17.605,-0.024
17.610,-0.024
17.615,-0.022
17.620,-0.020
17.625,-0.019
17.630,-0.022
17.635,-0.030
17.640,-0.044
17.645,-0.059
17.650,-0.062
17.655,-0.058
17.660,-0.057
17.665,-0.064
17.670,-0.077
17.675,-0.086
17.680,-0.086
17.685,-0.074
17.690,-0.062
17.695,-0.053
17.700,-0.043
17.705,-0.031
17.710,-0.010
17.715,0.010
17.720,0.021
17.725,0.034
17.730,0.045
17.735,0.054
17.740,0.059
17.745,0.057
17.750,0.053
17.755,0.050
17.760,0.048
17.765,0.047
17.770,0.045
17.775,0.042
17.780,0.039
17.785,0.045
17.790,0.076
17.795,0.124
17.800,0.147
17.805,0.084
17.810,-0.135
17.815,-0.520
17.820,-0.975
17.825,-1.370
17.830,-1.476
17.835,-1.113
17.840,-0.521
17.845,-0.002
17.850,0.324
17.855,0.405
17.860,0.388
17.865,0.351
17.870,0.281
17.875,0.263
17.880,0.279
17.885,0.275
17.890,0.277
17.895,0.283
17.900,0.268
17.905,0.254
17.910,0.250
17.915,0.240
17.920,0.224
17.925,0.214
17.930,0.202
17.935,0.188
17.940,0.181
17.945,0.173
17.950,0.159
17.955,0.148
17.960,0.139
17.965,0.129
17.970,0.118
17.975,0.108
17.980,0.100
17.985,0.089
17.990,0.079
17.995,0.071
18.000,0.061
18.005,0.049
18.010,0.039
18.015,0.028
18.020,0.018
18.025,0.010
18.030,0.002
18.035,-0.009
18.040,-0.020
18.045,-0.031
18.050,-0.041
18.055,-0.052
18.060,-0.064
18.065,-0.077
18.070,-0.089
18.075,-0.100
18.080,-0.110
18.085,-0.119
18.090,-0.128
18.095,-0.135
18.100,-0.139
18.105,-0.143
18.110,-0.147
18.115,-0.148
18.120,-0.144
18.125,-0.137
18.130,-0.124
18.135,-0.105
18.140,-0.079
18.145,-0.048
18.150,-0.016
18.155,0.014
18.160,0.045
18.165,0.077
18.170,0.107
18.175,0.133
18.180,0.153
18.185,0.169
18.190,0.181
18.195,0.188
18.200,0.190
18.205,0.190
18.210,0.187
18.215,0.182
18.220,0.177
18.225,0.172
18.230,0.165
18.235,0.156
18.240,0.148
18.245,0.140
18.250,0.133
18.255,0.124
18.260,0.113
18.265,0.104
18.270,0.095
18.275,0.085
18.280,0.074
18.285,0.067
18.290,0.063
18.295,0.058
18.300,0.051
18.305,0.043
18.310,0.036
18.315,0.032
18.320,0.029
18.325,0.027
18.330,0.024
18.335,0.020
18.340,0.016
18.345,0.011
18.350,0.009
18.355,0.007
18.360,0.006
18.365,0.004
18.370,0.001
18.375,0.001
18.380,0.000
18.385,-0.001
18.390,-0.001
18.395,-0.002
18.400,-0.004
18.405,-0.005
18.410,-0.006
18.415,-0.008
18.420,-0.008
18.425,-0.009
18.430,-0.009
18.435,-0.009
18.440,-0.012
18.445,-0.014
18.450,-0.015
18.455,-0.018
18.460,-0.019
18.465,-0.019
18.470,-0.021
18.475,-0.024
18.480,-0.024
18.485,-0.025
18.490,-0.024
18.495,-0.024
18.500,-0.028
18.505,-0.029
18.510,-0.029
18.515,-0.030
18.520,-0.032
18.525,-0.034
18.530,-0.036
18.535,-0.034
18.540,-0.032
18.545,-0.033
18.550,-0.035
18.555,-0.037
18.560,-0.038
18.565,-0.038
18.570,-0.038
18.575,-0.039
18.580,-0.041
18.585,-0.039
18.590,-0.038
18.595,-0.038
18.600,-0.037
18.605,-0.040
18.610,-0.042
18.615,-0.040
18.620,-0.040
18.625,-0.040
18.630,-0.038
18.635,-0.039
18.640,-0.041
18.645,-0.041
18.650,-0.040
18.655,-0.039
18.660,-0.038
18.665,-0.039
18.670,-0.040
18.675,-0.039
18.680,-0.038
18.685,-0.036
18.690,-0.036
18.695,-0.036
18.700,-0.035
18.705,-0.033
18.710,-0.032
18.715,-0.034
18.720,-0.036
18.725,-0.034
18.730,-0.031
18.735,-0.030
18.740,-0.029
18.745,-0.028
18.750,-0.028
18.755,-0.027
18.760,-0.027
18.765,-0.027
18.770,-0.027
18.775,-0.025
18.780,-0.025
18.785,-0.023
18.790,-0.023
18.795,-0.024
18.800,-0.024
18.805,-0.024
18.810,-0.025
18.815,-0.025
18.820,-0.024
18.825,-0.031
18.830,-0.046
18.835,-0.061
18.840,-0.063
18.845,-0.057
18.850,-0.055
18.855,-0.064
18.860,-0.080
18.865,-0.089
18.870,-0.085
18.875,-0.075
18.880,-0.064
18.885,-0.057
18.890,-0.048
18.895,-0.031
18.900,-0.008
18.905,0.012
18.910,0.025
18.915,0.039
18.920,0.051
18.925,0.059
18.930,0.061
18.935,0.057
18.940,0.054
18.945,0.051
18.950,0.048
18.955,0.044
18.960,0.044
18.965,0.043
18.970,0.040
18.975,0.050
18.980,0.089
18.985,0.135
18.990,0.142
18.995,0.048
19.000,-0.213
19.005,-0.628
19.010,-1.079
19.015,-1.425
19.020,-1.414
19.025,-0.952
19.030,-0.356
19.035,0.131
19.040,0.393
19.045,0.422
19.050,0.392
19.055,0.334
19.060,0.266
19.065,0.264
19.070,0.274
19.075,0.264
19.080,0.268
19.085,0.268
19.090,0.252
19.095,0.246
19.100,0.243
19.105,0.226
19.110,0.210
19.115,0.201
19.120,0.190
19.125,0.178
19.130,0.169
19.135,0.160
19.140,0.149
19.145,0.139
19.150,0.134
19.155,0.123
19.160,0.111
19.165,0.102
19.170,0.093
19.175,0.086
19.180,0.075
19.185,0.063
19.190,0.054
19.195,0.045
19.200,0.034
19.205,0.023
19.210,0.012
19.215,0.008
19.220,0.000
19.225,-0.014
19.230,-0.029
19.235,-0.043
19.240,-0.053
19.245,-0.059
19.250,-0.069
19.255,-0.079
19.260,-0.088
19.265,-0.099
19.270,-0.113
19.275,-0.124
19.280,-0.130
19.285,-0.135
19.290,-0.142
19.295,-0.147
19.300,-0.149
19.305,-0.147
19.310,-0.142
19.315,-0.135
19.320,-0.123
19.325,-0.103
19.330,-0.075
19.335,-0.043
19.340,-0.011
19.345,0.019
19.350,0.051
19.355,0.083
19.360,0.110
19.365,0.133
19.370,0.154
19.375,0.173
19.380,0.187
19.385,0.194
19.390,0.195
19.395,0.191
19.400,0.187
19.405,0.185
19.410,0.181
19.415,0.171
19.420,0.161
19.425,0.156
19.430,0.149
19.435,0.140
19.440,0.131
19.445,0.124
19.450,0.117
19.455,0.106
19.460,0.096
19.465,0.091
19.470,0.086
19.475,0.076
19.480,0.066
19.485,0.059
19.490,0.054
19.495,0.050
19.500,0.045
19.505,0.038
19.510,0.032
19.515,0.025
19.520,0.017
19.525,0.013
19.530,0.010
19.535,0.010
19.540,0.009
19.545,0.007
19.550,0.007
19.555,0.003
19.560,-0.002
19.565,-0.002
19.570,-0.003
19.575,-0.004
19.580,-0.003
19.585,-0.006
19.590,-0.006
19.595,-0.004
19.600,-0.007
19.605,-0.011
19.610,-0.013
19.615,-0.014
19.620,-0.014
19.625,-0.015
19.630,-0.014
19.635,-0.014
19.640,-0.015
19.645,-0.019
19.650,-0.023
19.655,-0.023
19.660,-0.023
19.665,-0.025
19.670,-0.027
19.675,-0.029
19.680,-0.029
19.685,-0.030
19.690,-0.032
19.695,-0.033
19.700,-0.032
19.705,-0.030
19.710,-0.030
19.715,-0.031
19.720,-0.034
19.725,-0.039
19.730,-0.039
19.735,-0.038
19.740,-0.040
19.745,-0.042
19.750,-0.046
19.755,-0.047
19.760,-0.044
19.765,-0.039
19.770,-0.040
19.775,-0.042
19.780,-0.042
19.785,-0.044
19.790,-0.045
19.795,-0.045
19.800,-0.044
19.805,-0.041
19.810,-0.040
19.815,-0.043
19.820,-0.044
19.825,-0.044
19.830,-0.040
19.835,-0.035
19.840,-0.036
19.845,-0.042
19.850,-0.046
19.855,-0.046
19.860,-0.043
19.865,-0.041
19.870,-0.037
19.875,-0.035
19.880,-0.037
19.885,-0.040
19.890,-0.039
19.895,-0.036
19.900,-0.035
19.905,-0.037
19.910,-0.038
19.915,-0.034
19.920,-0.029
19.925,-0.027
19.930,-0.029
19.935,-0.031
19.940,-0.030
19.945,-0.030
19.950,-0.032
19.955,-0.035
19.960,-0.034
19.965,-0.029
19.970,-0.031
19.975,-0.047
19.980,-0.064
19.985,-0.070
19.990,-0.069
19.995,-0.068
20.000,-0.075
20.005,-0.089
20.010,-0.099
20.015,-0.097
20.020,-0.084
20.025,-0.075
20.030,-0.068
20.035,-0.057
20.040,-0.038
20.045,-0.011
20.050,0.007
20.055,0.022
20.060,0.038
20.065,0.045
20.070,0.046
20.075,0.047
20.080,0.044
20.085,0.042
20.090,0.044
20.095,0.045
20.100,0.042
20.105,0.039
20.110,0.037
20.115,0.038
20.120,0.054
20.125,0.097
20.130,0.148
20.135,0.143
20.140,0.007
20.145,-0.308
20.150,-0.753
20.155,-1.193
20.160,-1.473
20.165,-1.345
20.170,-0.800
20.175,-0.198
20.180,0.244
20.185,0.425
20.190,0.413
20.195,0.386
20.200,0.326
20.205,0.262
20.210,0.258
20.215,0.260
20.220,0.255
20.225,0.265
20.230,0.264
20.235,0.247
20.240,0.238
20.245,0.228
20.250,0.213
20.255,0.202
20.260,0.195
20.265,0.184
20.270,0.172
20.275,0.165
20.280,0.156
20.285,0.145
20.290,0.131
20.295,0.118
20.300,0.111
20.305,0.108
20.310,0.101
20.315,0.085
20.320,0.071
20.325,0.063
20.330,0.055
20.335,0.046
20.340,0.036
20.345,0.028
20.350,0.022
20.355,0.013
20.360,0.000
20.365,-0.014
20.370,-0.028
20.375,-0.036
20.380,-0.044
20.385,-0.053
20.390,-0.062
20.395,-0.075
20.400,-0.091
20.405,-0.104
20.410,-0.111
20.415,-0.117
20.420,-0.126
20.425,-0.132
20.430,-0.137
20.435,-0.145
20.440,-0.151
20.445,-0.153
20.450,-0.152
20.455,-0.145
20.460,-0.132
20.465,-0.116
20.470,-0.095
20.475,-0.068
20.480,-0.032
20.485,0.008
20.490,0.042
20.495,0.073
20.500,0.104
20.505,0.136
20.510,0.162
20.515,0.176
20.520,0.186
20.525,0.196
20.530,0.202
20.535,0.206
20.540,0.202
20.545,0.196
20.550,0.191
20.555,0.184
20.560,0.178
20.565,0.174
20.570,0.166
20.575,0.155
20.580,0.144
20.585,0.135
20.590,0.130
20.595,0.122
20.600,0.111
20.605,0.099
20.610,0.094
20.615,0.091
20.620,0.082
20.625,0.069
20.630,0.056
20.635,0.051
20.640,0.051
20.645,0.047
20.650,0.044
20.655,0.041
20.660,0.034
20.665,0.025
20.670,0.017
20.675,0.013
20.680,0.011
20.685,0.011
20.690,0.010
20.695,0.009
20.700,0.010
20.705,0.009
20.710,0.007
20.715,0.003
20.720,0.000
20.725,0.000
20.730,-0.004
20.735,-0.007
20.740,-0.006
20.745,-0.004
20.750,-0.002
20.755,-0.006
20.760,-0.011
20.765,-0.012
20.770,-0.011
20.775,-0.013
20.780,-0.017
20.785,-0.019
20.790,-0.022
20.795,-0.025
20.800,-0.026
20.805,-0.024
20.810,-0.020
20.815,-0.022
20.820,-0.026
20.825,-0.028
20.830,-0.027
20.835,-0.028
20.840,-0.034
20.845,-0.036
20.850,-0.036
20.855,-0.042
20.860,-0.045
20.865,0.214
20.870,0.975
20.875,1.580
20.880,1.593
20.885,1.432
20.890,1.281
20.895,1.268
20.900,1.246
20.905,1.066
20.910,1.007
20.915,0.975
20.920,0.670
20.925,0.353
20.930,0.289
20.935,0.252
20.940,0.215
20.945,0.200
20.950,0.136
20.955,0.107
20.960,0.092
20.965,0.046
20.970,0.011
20.975,-0.005
20.980,-0.036
20.985,-0.069
20.990,-0.088
20.995,-0.110
21.000,-0.138
21.005,-0.158
21.010,-0.175
21.015,-0.173
21.020,-0.012
21.025,0.201
21.030,0.226
21.035,0.168
21.040,0.100
21.045,0.064
21.050,0.061
21.055,0.001
21.060,-0.044
21.065,-0.049
21.070,-0.087
21.075,-0.130
21.080,-0.144
21.085,-0.166
21.090,-0.201
21.095,-0.220
21.100,-0.234
21.105,-0.260
21.110,-0.280
21.115,-0.316
21.120,-0.513
21.125,-0.758
21.130,-0.810
21.135,-0.781
21.140,-0.739
21.145,-0.725
21.150,-0.743
21.155,-0.703
21.160,-0.675
21.165,-0.685
21.170,-0.663
21.175,-0.632
21.180,-0.630
21.185,-0.618
21.190,-0.590
21.195,-0.577
21.200,-0.568
21.205,-0.547
21.210,-0.530
21.215,-0.495
21.220,-0.298
21.225,-0.052
21.230,0.002
21.235,-0.026
21.240,-0.064
21.245,-0.074
21.250,-0.050
21.255,-0.084
21.260,-0.105
21.265,-0.087
21.270,-0.102
21.275,-0.124
21.280,-0.117
21.285,-0.119
21.290,-0.136
21.295,-0.138
21.300,-0.136
21.305,-0.146
21.310,-0.151
21.315,-0.173
21.320,-0.357
21.325,-0.590
21.330,-0.630
21.335,-0.589
21.340,-0.537
21.345,-0.513
21.350,-0.523
21.355,-0.474
21.360,-0.439
21.365,-0.442
21.370,-0.413
21.375,-0.377
21.380,-0.368
21.385,-0.352
21.390,-0.320
21.395,-0.304
21.400,-0.291
21.405,-0.266
21.410,-0.247
21.415,-0.211
21.420,-0.012
21.425,0.235
21.430,0.290
21.435,0.262
21.440,0.224
21.445,0.214
21.450,0.238
21.455,0.202
21.460,0.180
21.465,0.196
21.470,0.180
21.475,0.156
21.480,0.161
21.485,0.156
21.490,0.137
21.495,0.132
21.500,0.131
21.505,0.118
21.510,0.110
21.515,0.084
21.520,-0.104
21.525,-0.340
21.530,-0.384
21.535,-0.347
21.540,-0.299
21.545,-0.279
21.550,-0.293
21.555,-0.249
21.560,-0.218
21.565,-0.226
21.570,-0.201
21.575,-0.169
21.580,-0.165
21.585,-0.153
21.590,-0.126
21.595,-0.115
21.600,-0.107
21.605,-0.087
21.610,-0.072
21.615,-0.040
21.620,0.154
21.625,0.396
21.630,0.445
21.635,0.413
21.640,0.371
21.645,0.356
21.650,0.375
21.655,0.335
21.660,0.308
21.665,0.320
21.670,0.300
21.675,0.272
21.680,0.272
21.685,0.263
21.690,0.239
21.695,0.230
21.700,0.225
21.705,0.208
21.710,0.196
21.715,0.167
21.720,-0.025
21.725,-0.266
21.730,-0.313
21.735,-0.279
21.740,-0.234
21.745,-0.218
21.750,-0.236
21.755,-0.195
21.760,-0.167
21.765,-0.178
21.770,-0.157
21.775,-0.127
21.780,-0.127
21.785,-0.118
21.790,-0.093
21.795,-0.084
21.800,-0.079
21.805,-0.062
21.810,-0.050
21.815,-0.020
21.820,0.172
21.825,0.411
21.830,0.458
21.835,0.424
21.840,0.379
21.845,0.362
21.850,0.379
21.855,0.338
21.860,0.309
21.865,0.320
21.870,0.298
21.875,0.267
21.880,0.265
21.885,0.255
21.890,0.230
21.895,0.220
21.900,0.214
21.905,0.195
21.910,0.181
21.915,0.151
21.920,-0.043
21.925,-0.284
21.930,-0.331
21.935,-0.298
21.940,-0.255
21.945,-0.240
21.950,-0.259
21.955,-0.218
21.960,-0.191
21.965,-0.203
21.970,-0.182
21.975,-0.153
21.980,-0.153
21.985,-0.145
21.990,-0.121
21.995,-0.113
22.000,-0.108
22.005,-0.091
22.010,-0.079
22.015,-0.050
22.020,0.142
22.025,0.382
22.030,0.428
22.035,0.393
22.040,0.349
22.045,0.332
22.050,0.348
22.055,0.306
22.060,0.278
22.065,0.288
22.070,0.266
22.075,0.236
22.080,0.234
22.085,0.224
22.090,0.199
22.095,0.189
22.100,0.183
22.105,0.164
22.110,0.151
22.115,0.120
22.120,-0.073
22.125,-0.314
22.130,-0.361
22.135,-0.328
22.140,-0.285
22.145,-0.269
22.150,-0.287
22.155,-0.246
22.160,-0.219
22.165,-0.231
22.170,-0.210
22.175,-0.181
22.180,-0.180
22.185,-0.171
22.190,-0.148
22.195,-0.139
22.200,-0.134
22.205,-0.116
22.210,-0.104
22.215,-0.075
22.220,0.118
22.225,0.357
22.230,0.404
22.235,0.370
22.240,0.325
22.245,0.309
22.250,0.326
22.255,0.285
22.260,0.257
22.265,0.267
22.270,0.245
22.275,0.216
22.280,0.214
22.285,0.205
22.290,0.180
22.295,0.170
22.300,0.164
22.305,0.146
22.310,0.133
22.315,0.103
22.320,-0.090
22.325,-0.330
22.330,-0.378
22.335,-0.345
22.340,-0.301
22.345,-0.285
22.350,-0.302
22.355,-0.261
22.360,-0.233
22.365,-0.245
22.370,-0.224
22.375,-0.194
22.380,-0.194
22.385,-0.184
22.390,-0.160
22.395,-0.151
22.400,-0.146
22.405,-0.128
22.410,-0.115
22.415,-0.085
22.420,0.108
22.425,0.347
22.430,0.394
22.435,0.360
22.440,0.316
22.445,0.300
22.450,0.318
22.455,0.276
22.460,0.248
22.465,0.259
22.470,0.237
22.475,0.207
22.480,0.206
22.485,0.196
22.490,0.172
22.495,0.163
22.500,0.157
22.505,0.140
22.510,0.126
22.515,0.097
22.520,-0.096
22.525,-0.336
22.530,-0.383
22.535,-0.350
22.540,-0.306
22.545,-0.290
22.550,-0.308
22.555,-0.267
22.560,-0.239
22.565,-0.250
22.570,-0.228
22.575,-0.199
22.580,-0.198
22.585,-0.188
22.590,-0.164
22.595,-0.155
22.600,-0.149
22.605,-0.132
22.610,-0.119
22.615,-0.089
22.620,0.104
22.625,0.344
22.630,0.391
22.635,0.357
22.640,0.312
22.645,0.296
22.650,0.314
22.655,0.273
22.660,0.245
22.665,0.256
22.670,0.234
22.675,0.205
22.680,0.204
22.685,0.195
22.690,0.170
22.695,0.161
22.700,0.156
22.705,0.138
22.710,0.125
22.715,0.095
22.720,-0.098
22.725,-0.338
22.730,-0.385
22.735,-0.351
22.740,-0.307
22.745,-0.291
22.750,-0.309
22.755,-0.268
22.760,-0.240
22.765,-0.251
22.770,-0.230
22.775,-0.200
22.780,-0.200
22.785,-0.190
22.790,-0.165
22.795,-0.156
22.800,-0.151
22.805,-0.133
22.810,-0.120
22.815,-0.090
22.820,0.103
22.825,0.343
22.830,0.390
22.835,0.356
22.840,0.312
22.845,0.296
22.850,0.314
22.855,0.272
22.860,0.244
22.865,0.255
22.870,0.234
22.875,0.204
22.880,0.203
22.885,0.194
22.890,0.169
22.895,0.160
22.900,0.155
22.905,0.137
22.910,0.124
22.915,0.094
22.920,-0.099
22.925,-0.339
22.930,-0.386
22.935,-0.352
22.940,-0.308
22.945,-0.292
22.950,-0.310
22.955,-0.268
22.960,-0.240
22.965,-0.252
22.970,-0.231
22.975,-0.201
22.980,-0.200
22.985,-0.190
22.990,-0.166
22.995,-0.157
23.000,-0.152
23.005,-0.134
23.010,-0.121
23.015,-0.091
23.020,0.102
23.025,0.342
23.030,0.389
23.035,0.356
23.040,0.311
23.045,0.296
23.050,0.313
23.055,0.272
23.060,0.244
23.065,0.255
23.070,0.233
23.075,0.204
23.080,0.203
23.085,0.194
23.090,0.169
23.095,0.160
23.100,0.154
23.105,0.136
23.110,0.124
23.115,0.094
23.120,-0.099
23.125,-0.339
23.130,-0.387
23.135,-0.353
23.140,-0.308
23.145,-0.292
23.150,-0.310
23.155,-0.269
23.160,-0.241
23.165,-0.252
23.170,-0.231
23.175,-0.201
23.180,-0.201
23.185,-0.191
23.190,-0.166
23.195,-0.157
23.200,-0.152
23.205,-0.134
23.210,-0.121
23.215,-0.091
23.220,0.101
23.225,0.342
23.230,0.389
23.235,0.355
23.240,0.311
23.245,0.295
23.250,0.312
23.255,0.271
23.260,0.243
23.265,0.254
23.270,0.233
23.275,0.204
23.280,0.203
23.285,0.193
23.290,0.168
23.295,0.159
23.300,0.154
23.305,0.136
23.310,0.123
23.315,0.093
23.320,-0.099
23.325,-0.340
23.330,-0.387
23.335,-0.353
23.340,-0.309
23.345,-0.293
23.350,-0.311
23.355,-0.270
23.360,-0.241
23.365,-0.252
23.370,-0.231
23.375,-0.202
23.380,-0.201
23.385,-0.191
23.390,-0.167
23.395,-0.158
23.400,-0.152
23.405,-0.134
23.410,-0.122
23.415,-0.092
23.420,0.101
23.425,0.342
23.430,0.389
23.435,0.355
23.440,0.311
23.445,0.295
23.450,0.312
23.455,0.271
23.460,0.243
23.465,0.254
23.470,0.233
23.475,0.203
23.480,0.202
23.485,0.193
23.490,0.168
23.495,0.159
23.500,0.153
23.505,0.135
23.510,0.123
23.515,0.093
23.520,-0.100
23.525,-0.340
23.530,-0.387
23.535,-0.354
23.540,-0.310
23.545,-0.293
23.550,-0.311
23.555,-0.270
23.560,-0.242
23.565,-0.253
23.570,-0.232
23.575,-0.202
23.580,-0.201
23.585,-0.191
23.590,-0.167
23.595,-0.158
23.600,-0.152
23.605,-0.135
23.610,-0.122
23.615,-0.092
23.620,0.101
23.625,0.341
23.630,0.388
23.635,0.355
23.640,0.310
23.645,0.294
23.650,0.312
23.655,0.270
23.660,0.243
23.665,0.254
23.670,0.232
23.675,0.203
23.680,0.202
23.685,0.192
23.690,0.168
23.695,0.158
23.700,0.153
23.705,0.135
23.710,0.123
23.715,0.093
23.720,-0.100
23.725,-0.341
23.730,-0.388
23.735,-0.354
23.740,-0.310
23.745,-0.294
23.750,-0.311
23.755,-0.269
23.760,-0.242
23.765,-0.253
23.770,-0.232
23.775,-0.202
23.780,-0.201
23.785,-0.192
23.790,-0.167
23.795,-0.158
23.800,-0.152
23.805,-0.135
23.810,-0.122
23.815,-0.092
23.820,0.101
23.825,0.341
23.830,0.388
23.835,0.354
23.840,0.310
23.845,0.294
23.850,0.312
23.855,0.270
23.860,0.242
23.865,0.254
23.870,0.232
23.875,0.203
23.880,0.202
23.885,0.192
23.890,0.167
23.895,0.158
23.900,0.153
23.905,0.135
23.910,0.122
23.915,0.092
23.920,-0.100
23.925,-0.341
23.930,-0.388
23.935,-0.354
23.940,-0.310
23.945,-0.294
23.950,-0.311
23.955,-0.270
23.960,-0.242
23.965,-0.253
23.970,-0.232
23.975,-0.202
23.980,-0.201
23.985,-0.192
23.990,-0.167
23.995,-0.158
24.000,-0.152
24.005,-0.135
24.010,-0.122
24.015,-0.092
24.020,0.101
24.025,0.341
24.030,0.388
24.035,0.354
24.040,0.310
24.045,0.294
24.050,0.312
24.055,0.270
24.060,0.242
24.065,0.254
24.070,0.233
24.075,0.203
24.080,0.202
24.085,0.192
24.090,0.168
24.095,0.159
24.100,0.153
24.105,0.135
24.110,0.122
24.115,0.092
24.120,-0.100
24.125,-0.340
24.130,-0.388
24.135,-0.354
24.140,-0.310
24.145,-0.294
24.150,-0.311
24.155,-0.270
24.160,-0.242
24.165,-0.253
24.170,-0.231
24.175,-0.202
24.180,-0.201
24.185,-0.192
24.190,-0.167
24.195,-0.158
24.200,-0.153
24.205,-0.135
24.210,-0.122
24.215,-0.092
24.220,0.101
24.225,0.341
24.230,0.388
24.235,0.354
24.240,0.310
24.245,0.294
24.250,0.312
24.255,0.271
24.260,0.243
24.265,0.254
24.270,0.232
24.275,0.202
24.280,0.202
24.285,0.192
24.290,0.168
24.295,0.158
24.300,0.153
24.305,0.135
24.310,0.122
24.315,0.092
24.320,-0.100
24.325,-0.341
24.330,-0.388
24.335,-0.354
24.340,-0.310
24.345,-0.294
24.350,-0.311
24.355,-0.270
24.360,-0.242
24.365,-0.253
24.370,-0.232
24.375,-0.202
24.380,-0.201
24.385,-0.192
24.390,-0.168
24.395,-0.159
24.400,-0.153
24.405,-0.135
24.410,-0.122
24.415,-0.092
24.420,0.101
24.425,0.341
24.430,0.388
24.435,0.354
24.440,0.310
24.445,0.294
24.450,0.312
24.455,0.270
24.460,0.243
24.465,0.254
24.470,0.232
24.475,0.203
24.480,0.202
24.485,0.192
24.490,0.167
24.495,0.158
24.500,0.153
24.505,0.135
24.510,0.122
24.515,0.092
24.520,-0.101
24.525,-0.341
24.530,-0.388
24.535,-0.354
24.540,-0.310
24.545,-0.294
24.550,-0.311
24.555,-0.270
24.560,-0.242
24.565,-0.253
24.570,-0.231
24.575,-0.202
24.580,-0.201
24.585,-0.192
24.590,-0.168
24.595,-0.159
24.600,-0.153
24.605,-0.135
24.610,-0.122
24.615,-0.092
24.620,0.100
24.625,0.340
24.630,0.388
24.635,0.354
24.640,0.310
24.645,0.294
24.650,0.311
24.655,0.270
24.660,0.243
24.665,0.254
24.670,0.232
24.675,0.202
24.680,0.202
24.685,0.192
24.690,0.167
24.695,0.158
24.700,0.153
24.705,0.135
24.710,0.123
24.715,0.093
24.720,-0.100
24.725,-0.341
24.730,-0.388
24.735,-0.355
24.740,-0.310
24.745,-0.294
24.750,-0.311
24.755,-0.270
24.760,-0.242
24.765,-0.253
24.770,-0.231
24.775,-0.202
24.780,-0.201
24.785,-0.192
24.790,-0.167
24.795,-0.158
24.800,-0.153
24.805,-0.135
24.810,-0.123
24.815,-0.093
24.820,0.100
24.825,0.341
24.830,0.388
24.835,0.354
24.840,0.310
24.845,0.294
24.850,0.311
24.855,0.270
24.860,0.242
24.865,0.254
24.870,0.232
24.875,0.202
24.880,0.201
24.885,0.192
24.890,0.167
24.895,0.158
24.900,0.153
24.905,0.135
24.910,0.122
24.915,0.093
24.920,-0.100
24.925,-0.341
24.930,-0.388
24.935,-0.354
24.940,-0.310
24.945,-0.293
24.950,-0.311
24.955,-0.270
24.960,-0.242
24.965,-0.253
24.970,-0.232
24.975,-0.202
24.980,-0.201
24.985,-0.192
24.990,-0.167
24.995,-0.158
25.000,-0.153
25.005,-0.135
25.010,-0.122
25.015,-0.093
25.020,0.100
25.025,0.341
25.030,0.388
25.035,0.354
25.040,0.310
25.045,0.294
25.050,0.311
25.055,0.270
25.060,0.243
25.065,0.254
25.070,0.232
25.075,0.202
25.080,0.201
25.085,0.192
25.090,0.167
25.095,0.158
25.100,0.153
25.105,0.135
25.110,0.122
25.115,0.092
25.120,-0.100
25.125,-0.341
25.130,-0.388
25.135,-0.354
25.140,-0.310
25.145,-0.294
25.150,-0.311
25.155,-0.270
25.160,-0.242
25.165,-0.253
25.170,-0.232
25.175,-0.202
25.180,-0.201
25.185,-0.192
25.190,-0.167
25.195,-0.158
25.200,-0.153
25.205,-0.135
25.210,-0.122
25.215,-0.092
25.220,0.100
25.225,0.341
25.230,0.388
25.235,0.354
25.240,0.310
25.245,0.294
25.250,0.312
25.255,0.271
25.260,0.243
25.265,0.254
25.270,0.232
25.275,0.202
25.280,0.202
25.285,0.192
25.290,0.167
25.295,0.158
25.300,0.153
25.305,0.135
25.310,0.122
25.315,0.092
25.320,-0.100
25.325,-0.341
25.330,-0.388
25.335,-0.354
25.340,-0.310
25.345,-0.294
25.350,-0.312
25.355,-0.270
25.360,-0.242
25.365,-0.253
25.370,-0.232
25.375,-0.202
25.380,-0.201
25.385,-0.191
25.390,-0.167
25.395,-0.159
25.400,-0.153
25.405,-0.135
25.410,-0.122
25.415,-0.092
25.420,0.101
25.425,0.341
25.430,0.388
25.435,0.354
25.440,0.310
25.445,0.294
25.450,0.311
25.455,0.270
25.460,0.243
25.465,0.254
25.470,0.232
25.475,0.202
25.480,0.201
25.485,0.192
25.490,0.168
25.495,0.158
25.500,0.153
25.505,0.135
25.510,0.122
25.515,0.092
25.520,-0.101
25.525,-0.341
25.530,-0.388
25.535,-0.354
25.540,-0.310
25.545,-0.294
25.550,-0.312
25.555,-0.270
25.560,-0.242
25.565,-0.253
25.570,-0.231
25.575,-0.202
25.580,-0.201
25.585,-0.192
25.590,-0.167
25.595,-0.158
25.600,-0.153
25.605,-0.135
25.610,-0.123
25.615,-0.092
25.620,0.101
25.625,0.341
25.630,0.388
25.635,0.354
25.640,0.310
25.645,0.294
25.650,0.312
25.655,0.271
25.660,0.243
25.665,0.254
25.670,0.232
25.675,0.202
25.680,0.202
25.685,0.192
25.690,0.167
25.695,0.158
25.700,0.153
25.705,0.135
25.710,0.122
25.715,0.093
25.720,-0.100
25.725,-0.341
25.730,-0.388
25.735,-0.354
25.740,-0.310
25.745,-0.294
25.750,-0.312
25.755,-0.270
25.760,-0.242
25.765,-0.253
25.770,-0.232
25.775,-0.202
25.780,-0.201
25.785,-0.192
25.790,-0.168
25.795,-0.159
25.800,-0.144
25.805,-0.369
25.810,-1.181
25.815,-1.827
25.820,-1.778
25.825,-1.597
25.830,-1.440
25.835,-1.441
25.840,-1.443
25.845,-1.241
25.850,-1.194
25.855,-1.211
25.860,-1.077
25.865,-0.990
25.870,-0.987
25.875,-0.778
25.880,-0.133
25.885,0.108
25.890,-0.264
25.895,-0.352
25.900,-0.360
25.905,-0.160
25.910,0.507
25.915,0.985
25.920,1.123
25.925,1.131
25.930,0.923
25.935,0.892
25.940,1.048
25.945,0.941
25.950,0.904
25.955,1.017
25.960,0.877
25.965,0.513
25.970,0.123
25.975,-0.334
25.980,-0.760
25.985,-0.771
25.990,-0.298
25.995,0.275
26.000,0.747
26.005,1.010
26.010,1.002
26.015,0.932
26.020,0.872
26.025,0.785
26.030,0.741
26.035,0.734
26.040,0.715
26.045,0.695
26.050,0.680
26.055,0.655
26.060,0.627
26.065,0.600
26.070,0.570
26.075,0.542
26.080,0.519
26.085,0.495
26.090,0.468
26.095,0.445
26.100,0.426
26.105,0.406
26.110,0.381
26.115,0.356
26.120,0.332
26.125,0.310
26.130,0.291
26.135,0.271
26.140,0.249
26.145,0.233
26.150,0.213
26.155,0.192
26.160,0.174
26.165,0.158
26.170,0.140
26.175,0.119
26.180,0.095
26.185,0.077
26.190,0.065
26.195,0.049
26.200,0.027
26.205,0.006
26.210,-0.014
26.215,-0.034
26.220,-0.050
26.225,-0.066
26.230,-0.082
26.235,-0.098
26.240,-0.113
26.245,-0.130
26.250,-0.141
26.255,-0.148
26.260,-0.157
26.265,-0.164
26.270,-0.170
26.275,-0.170
26.280,-0.161
26.285,-0.147
26.290,-0.128
26.295,-0.103
26.300,-0.073
26.305,-0.044
26.310,-0.012
26.315,0.021
26.320,0.050
26.325,0.077
26.330,0.098
26.335,0.112
26.340,0.127
26.345,0.141
26.350,0.149
26.355,0.147
26.360,0.141
26.365,0.138
26.370,0.137
26.375,0.133
26.380,0.125
26.385,0.114
26.390,0.104
26.395,0.093
26.400,0.082
26.405,0.071
26.410,0.062
26.415,0.055
26.420,0.049
26.425,0.040
26.430,0.028
26.435,0.019
26.440,0.013
26.445,0.003
26.450,-0.004
26.455,-0.010
26.460,-0.014
26.465,-0.017
26.470,-0.025
26.475,-0.033
26.480,-0.039
26.485,-0.047
26.490,-0.048
26.495,-0.049
26.500,-0.049
26.505,-0.050
26.510,-0.054
26.515,-0.056
26.520,-0.058
26.525,-0.059
26.530,-0.058
26.535,-0.058
26.540,-0.062
26.545,-0.064
26.550,-0.065
26.555,-0.065
26.560,-0.064
26.565,-0.065
26.570,-0.065
26.575,-0.067
26.580,-0.069
26.585,-0.067
26.590,-0.066
26.595,-0.065
26.600,-0.065
26.605,-0.065
26.610,-0.066
26.615,-0.067
26.620,-0.067
26.625,-0.068
26.630,-0.072
26.635,-0.072
26.640,-0.070
26.645,-0.068
26.650,-0.069
26.655,-0.071
26.660,-0.073
26.665,-0.077
26.670,-0.080
26.675,-0.079
26.680,-0.073
26.685,-0.069
26.690,-0.071
26.695,-0.074
26.700,-0.074
26.705,-0.071
26.710,-0.070
26.715,-0.070
26.720,-0.070
26.725,-0.073
26.730,-0.075
26.735,-0.076
26.740,-0.077
26.745,-0.073
26.750,-0.069
26.755,-0.067
26.760,-0.068
26.765,-0.071
26.770,-0.071
26.775,-0.067
26.780,-0.067
26.785,-0.068
26.790,-0.067
26.795,-0.065
26.800,-0.063
26.805,-0.063
26.810,-0.063
26.815,-0.062
26.820,-0.060
26.825,-0.060
26.830,-0.059
26.835,-0.058
26.840,-0.058
26.845,-0.056
26.850,-0.051
26.855,-0.050
26.860,-0.050
26.865,-0.052
26.870,-0.053
26.875,-0.049
26.880,-0.047
26.885,-0.044
26.890,-0.039
26.895,-0.040
26.900,-0.043
26.905,-0.047
26.910,-0.050
26.915,-0.049
26.920,-0.054
26.925,-0.067
26.930,-0.077
26.935,-0.078
26.940,-0.075
26.945,-0.074
26.950,-0.084
26.955,-0.098
26.960,-0.105
26.965,-0.102
26.970,-0.087
26.975,-0.077
26.980,-0.071
26.985,-0.062
26.990,-0.048
26.995,-0.023
27.000,-0.001
27.005,0.012
27.010,0.027
27.015,0.038
27.020,0.043
27.025,0.049
27.030,0.048
27.035,0.042
27.040,0.040
27.045,0.038
27.050,0.036
27.055,0.034
27.060,0.030
27.065,0.031
27.070,0.050
27.075,0.097
27.080,0.145
27.085,0.135
27.090,-0.005
27.095,-0.331
27.100,-0.785
27.105,-1.229
27.110,-1.507
27.115,-1.364
27.120,-0.805
27.125,-0.193
27.130,0.256
27.135,0.433
27.140,0.414
27.145,0.381
27.150,0.319
27.155,0.264
27.160,0.267
27.165,0.271
27.170,0.264
27.175,0.267
27.180,0.263
27.185,0.248
27.190,0.239
27.195,0.231
27.200,0.216
27.205,0.206
27.210,0.202
27.215,0.191
27.220,0.179
27.225,0.168
27.230,0.155
27.235,0.144
27.240,0.138
27.245,0.131
27.250,0.120
27.255,0.106
27.260,0.095
27.265,0.084
27.270,0.075
27.275,0.067
27.280,0.061
27.285,0.051
27.290,0.040
27.295,0.031
27.300,0.020
27.305,0.010
27.310,0.002
27.315,-0.010
27.320,-0.024
27.325,-0.035
27.330,-0.044
27.335,-0.053
27.340,-0.067
27.345,-0.081
27.350,-0.094
27.355,-0.105
27.360,-0.114
27.365,-0.123
27.370,-0.131
27.375,-0.141
27.380,-0.152
27.385,-0.156
27.390,-0.160
27.395,-0.161
27.400,-0.157
27.405,-0.150
27.410,-0.137
27.415,-0.118
27.420,-0.094
27.425,-0.065
27.430,-0.031
27.435,0.004
27.440,0.040
27.445,0.075
27.450,0.107
27.455,0.133
27.460,0.155
27.465,0.172
27.470,0.187
27.475,0.198
27.480,0.202
27.485,0.205
27.490,0.206
27.495,0.202
27.500,0.196
27.505,0.190
27.510,0.183
27.515,0.172
27.520,0.162
27.525,0.156
27.530,0.151
27.535,0.142
27.540,0.131
27.545,0.120
27.550,0.111
27.555,0.102
27.560,0.092
27.565,0.085
27.570,0.080
27.575,0.072
27.580,0.064
27.585,0.057
27.590,0.048
27.595,0.044
27.600,0.040
27.605,0.036
27.610,0.029
27.615,0.020
27.620,0.015
27.625,0.013
27.630,0.010
27.635,0.007
27.640,0.006
27.645,0.004
27.650,0.002
27.655,0.000
27.660,-0.001
27.665,-0.003
27.670,-0.007
27.675,-0.006
27.680,-0.006
27.685,-0.010
27.690,-0.013
27.695,-0.014
27.700,-0.014
27.705,-0.013
27.710,-0.015
27.715,-0.018
27.720,-0.017
27.725,-0.017
27.730,-0.019
27.735,-0.020
27.740,-0.022
27.745,-0.024
27.750,-0.022
27.755,-0.022
27.760,-0.024
27.765,-0.026
27.770,-0.029
27.775,-0.030
27.780,-0.031
27.785,-0.033
27.790,-0.035
27.795,-0.035
27.800,-0.036
27.805,-0.037
27.810,-0.038
27.815,-0.039
27.820,-0.038
27.825,-0.039
27.830,-0.039
27.835,-0.038
27.840,-0.040
27.845,-0.043
27.850,-0.045
27.855,-0.044
27.860,-0.042
27.865,-0.043
27.870,-0.045
27.875,-0.045
27.880,-0.044
27.885,-0.044
27.890,-0.044
27.895,-0.044
27.900,-0.044
27.905,-0.046
27.910,-0.046
27.915,-0.044
27.920,-0.043
27.925,-0.042
27.930,-0.042
27.935,-0.043
27.940,-0.042
27.945,-0.042
27.950,-0.043
27.955,-0.040
27.960,-0.039
27.965,-0.041
27.970,-0.042
27.975,-0.041
27.980,-0.039
27.985,-0.038
27.990,-0.039
27.995,-0.038
28.000,-0.038
28.005,-0.038
28.010,-0.036
28.015,-0.032
28.020,-0.031
28.025,-0.032
28.030,-0.034
28.035,-0.034
28.040,-0.037
28.045,-0.048
28.050,-0.064
28.055,-0.075
28.060,-0.073
28.065,-0.066
28.070,-0.067
28.075,-0.080
28.080,-0.092
28.085,-0.096
28.090,-0.091
28.095,-0.081
28.100,-0.072
28.105,-0.062
28.110,-0.050
28.115,-0.032
28.120,-0.009
28.125,0.008
28.130,0.021
28.135,0.035
28.140,0.045
28.145,0.051
28.150,0.051
28.155,0.047
28.160,0.045
28.165,0.045
28.170,0.042
28.175,0.039
28.180,0.037
28.185,0.036
28.190,0.040
28.195,0.064
28.200,0.110
28.205,0.145
28.210,0.105
28.215,-0.090
28.220,-0.462
28.225,-0.925
28.230,-1.350
28.235,-1.541
28.240,-1.267
28.245,-0.669
28.250,-0.092
28.255,0.304
28.260,0.426
28.265,0.404
28.270,0.369
28.275,0.302
28.280,0.273
28.285,0.286
28.290,0.281
28.295,0.280
28.300,0.288
28.305,0.276
28.310,0.258
28.315,0.254
28.320,0.244
28.325,0.226
28.330,0.217
28.335,0.209
28.340,0.195
28.345,0.184
28.350,0.175
28.355,0.163
28.360,0.152
28.365,0.144
28.370,0.135
28.375,0.124
28.380,0.114
28.385,0.104
28.390,0.093
28.395,0.083
28.400,0.074
28.405,0.063
28.410,0.052
28.415,0.045
28.420,0.037
28.425,0.027
28.430,0.016
28.435,0.005
28.440,-0.006
28.445,-0.017
28.450,-0.029
28.455,-0.041
28.460,-0.055
28.465,-0.070
28.470,-0.083
28.475,-0.093
28.480,-0.103
28.485,-0.114
28.490,-0.125
28.495,-0.136
28.500,-0.143
28.505,-0.148
28.510,-0.154
28.515,-0.158
28.520,-0.158
28.525,-0.153
28.530,-0.145
28.535,-0.133
28.540,-0.113
28.545,-0.085
28.550,-0.054
28.555,-0.021
28.560,0.013
28.565,0.049
28.570,0.084
28.575,0.114
28.580,0.139
28.585,0.161
28.590,0.179
28.595,0.192
28.600,0.200
28.605,0.202
28.610,0.201
28.615,0.199
28.620,0.196
28.625,0.188
28.630,0.179
28.635,0.171
28.640,0.164
28.645,0.158
28.650,0.151
28.655,0.142
28.660,0.132
28.665,0.123
28.670,0.114
28.675,0.107
28.680,0.100
28.685,0.091
28.690,0.081
28.695,0.074
28.700,0.067
28.705,0.060
28.710,0.054
28.715,0.047
28.720,0.041
28.725,0.035
28.730,0.029
28.735,0.025
28.740,0.021
28.745,0.014
28.750,0.011
28.755,0.010
28.760,0.007
28.765,0.004
28.770,-0.001
28.775,-0.004
28.780,-0.004
28.785,-0.005
28.790,-0.007
28.795,-0.007
28.800,-0.006
28.805,-0.008
28.810,-0.011
28.815,-0.015
28.820,-0.016
28.825,-0.015
28.830,-0.015
28.835,-0.018
28.840,-0.019
28.845,-0.020
28.850,-0.022
28.855,-0.023
28.860,-0.024
28.865,-0.024
28.870,-0.025
28.875,-0.025
28.880,-0.026
28.885,-0.027
28.890,-0.029
28.895,-0.030
28.900,-0.030
28.905,-0.031
28.910,-0.031
28.915,-0.032
28.920,-0.035
28.925,-0.036
28.930,-0.037
28.935,-0.037
28.940,-0.036
28.945,-0.039
28.950,-0.040
28.955,-0.040
28.960,-0.039
28.965,-0.040
28.970,-0.042
28.975,-0.041
28.980,-0.039
28.985,-0.040
28.990,-0.042
28.995,-0.043
29.000,-0.043
29.005,-0.043
29.010,-0.043
29.015,-0.042
29.020,-0.040
29.025,-0.040
29.030,-0.041
29.035,-0.041
29.040,-0.041
29.045,-0.043
29.050,-0.042
29.055,-0.042
29.060,-0.041
29.065,-0.038
29.070,-0.038
29.075,-0.038
29.080,-0.039
29.085,-0.039
29.090,-0.037
29.095,-0.037
29.100,-0.036
29.105,-0.037
29.110,-0.036
29.115,-0.032
29.120,-0.030
29.125,-0.031
29.130,-0.033
29.135,-0.033
29.140,-0.034
29.145,-0.033
29.150,-0.030
29.155,-0.029
29.160,-0.027
29.165,-0.026
29.170,-0.027
29.175,-0.028
29.180,-0.030
29.185,-0.034
29.190,-0.046
29.195,-0.061
29.200,-0.066
29.205,-0.063
29.210,-0.060
29.215,-0.068
29.220,-0.083
29.225,-0.092
29.230,-0.093
29.235,-0.083
29.240,-0.070
29.245,-0.060
29.250,-0.050
29.255,-0.039
29.260,-0.020
29.265,0.002
29.270,0.016
29.275,0.029
29.280,0.040
29.285,0.048
29.290,0.054
29.295,0.054
29.300,0.051
29.305,0.050
29.310,0.047
29.315,0.043
29.320,0.040
29.325,0.039
29.330,0.037
29.335,0.043
29.340,0.074
29.345,0.121
29.350,0.143
29.355,0.076
29.360,-0.152
29.365,-0.543
29.370,-1.001
29.375,-1.394
29.380,-1.488
29.385,-1.116
29.390,-0.519
29.395,0.005
29.400,0.329
29.405,0.407
29.410,0.390
29.415,0.350
29.420,0.283
29.425,0.270
29.430,0.285
29.435,0.277
29.440,0.278
29.445,0.284
29.450,0.269
29.455,0.256
29.460,0.253
29.465,0.240
29.470,0.222
29.475,0.214
29.480,0.206
29.485,0.193
29.490,0.182
29.495,0.173
29.500,0.161
29.505,0.151
29.510,0.143
29.515,0.132
29.520,0.121
29.525,0.111
29.530,0.101
29.535,0.090
29.540,0.080
29.545,0.072
29.550,0.062
29.555,0.052
29.560,0.045
29.565,0.035
29.570,0.022
29.575,0.010
29.580,-0.002
29.585,-0.012
29.590,-0.021
29.595,-0.033
29.600,-0.045
29.605,-0.056
29.610,-0.070
29.615,-0.083
29.620,-0.094
29.625,-0.106
29.630,-0.116
29.635,-0.127
29.640,-0.139
29.645,-0.146
29.650,-0.151
29.655,-0.155
29.660,-0.158
29.665,-0.159
29.670,-0.155
29.675,-0.146
29.680,-0.134
29.685,-0.113
29.690,-0.083
29.695,-0.050
29.700,-0.015
29.705,0.018
29.710,0.050
29.715,0.082
29.720,0.111
29.725,0.136
29.730,0.156
29.735,0.172
29.740,0.184
29.745,0.191
29.750,0.195
29.755,0.197
29.760,0.194
29.765,0.189
29.770,0.181
29.775,0.174
29.780,0.169
29.785,0.162
29.790,0.153
29.795,0.143
29.800,0.133
29.805,0.124
29.810,0.117
29.815,0.110
29.820,0.101
29.825,0.091
29.830,0.082
29.835,0.074
29.840,0.069
29.845,0.063
29.850,0.057
29.855,0.051
29.860,0.044
29.865,0.037
29.870,0.029
29.875,0.024
29.880,0.023
29.885,0.020
29.890,0.015
29.895,0.010
29.900,0.005
29.905,0.002
29.910,-0.001
29.915,-0.003
29.920,-0.003
29.925,-0.003
29.930,-0.004
29.935,-0.005
29.940,-0.005
29.945,-0.006
29.950,-0.007
29.955,-0.008
29.960,-0.010
29.965,-0.011
29.970,-0.013
29.975,-0.014
29.980,-0.015
29.985,-0.016
29.990,-0.017
29.995,-0.018
30.000,-0.021
30.005,-0.023
30.010,-0.023
30.015,-0.023
30.020,-0.023
30.025,-0.025
30.030,-0.025
30.035,-0.026
30.040,-0.027
30.045,-0.028
30.050,-0.031
30.055,-0.031
30.060,-0.031
30.065,-0.034
30.070,-0.034
30.075,-0.034
30.080,-0.035
30.085,-0.035
30.090,-0.035
30.095,-0.036
30.100,-0.037
30.105,-0.037
30.110,-0.039
30.115,-0.038
30.120,-0.038
30.125,-0.041
30.130,-0.040
30.135,-0.039
30.140,-0.040
30.145,-0.041
30.150,-0.041
30.155,-0.040
30.160,-0.038
30.165,-0.038
30.170,-0.039
30.175,-0.039
30.180,-0.038
30.185,-0.038
30.190,-0.037
30.195,-0.036
30.200,-0.036
30.205,-0.038
30.210,-0.038
30.215,-0.037
30.220,-0.035
30.225,-0.034
30.230,-0.036
30.235,-0.037
30.240,-0.038
30.245,-0.037
30.250,-0.035
30.255,-0.034
30.260,-0.034
30.265,-0.033
30.270,-0.033
30.275,-0.033
30.280,-0.035
30.285,-0.035
30.290,-0.031
30.295,-0.028
30.300,-0.027
30.305,-0.026
30.310,-0.026
30.315,-0.028
30.320,-0.029
30.325,-0.029
30.330,-0.032
30.335,-0.043
30.340,-0.057
30.345,-0.064
30.350,-0.065
30.355,-0.065
30.360,-0.068
30.365,-0.079
30.370,-0.090
30.375,-0.092
30.380,-0.086
30.385,-0.074
30.390,-0.064
30.395,-0.055
30.400,-0.042
30.405,-0.024
30.410,-0.001
30.415,0.016
30.420,0.027
30.425,0.037
30.430,0.047
30.435,0.054
30.440,0.053
30.445,0.049
30.450,0.047
30.455,0.045
30.460,0.044
30.465,0.041
30.470,0.038
30.475,0.035
30.480,0.038
30.485,0.065
30.490,0.113
30.495,0.142
30.500,0.096
30.505,-0.103
30.510,-0.475
30.515,-0.927
30.520,-1.330
30.525,-1.482
30.530,-1.173
30.535,-0.590
30.540,-0.056
30.545,0.299
30.550,0.403
30.555,0.390
30.560,0.358
30.565,0.287
30.570,0.261
30.575,0.276
30.580,0.269
30.585,0.267
30.590,0.276
30.595,0.267
30.600,0.254
30.605,0.249
30.610,0.235
30.615,0.218
30.620,0.213
30.625,0.204
30.630,0.189
30.635,0.178
30.640,0.172
30.645,0.163
30.650,0.151
30.655,0.141
30.660,0.131
30.665,0.120
30.670,0.110
30.675,0.100
30.680,0.089
30.685,0.080
30.690,0.071
30.695,0.060
30.700,0.051
30.705,0.042
30.710,0.033
30.715,0.024
30.720,0.014
30.725,0.004
30.730,-0.008
30.735,-0.020
30.740,-0.031
30.745,-0.042
30.750,-0.053
30.755,-0.068
30.760,-0.083
30.765,-0.094
30.770,-0.103
30.775,-0.110
30.780,-0.119
30.785,-0.129
30.790,-0.136
30.795,-0.142
30.800,-0.149
30.805,-0.155
30.810,-0.156
30.815,-0.152
30.820,-0.145
30.825,-0.131
30.830,-0.109
30.835,-0.082
30.840,-0.052
30.845,-0.020
30.850,0.015
30.855,0.050
30.860,0.080
30.865,0.108
30.870,0.133
30.875,0.153
30.880,0.170
30.885,0.183
30.890,0.190
30.895,0.193
30.900,0.194
30.905,0.192
30.910,0.188
30.915,0.182
30.920,0.174
30.925,0.169
30.930,0.164
30.935,0.154
30.940,0.141
30.945,0.131
30.950,0.125
30.955,0.118
30.960,0.109
30.965,0.099
30.970,0.090
30.975,0.086
30.980,0.080
30.985,0.073
30.990,0.066
30.995,0.057
31.000,0.048
31.005,0.040
31.010,0.034
31.015,0.027
31.020,0.022
31.025,0.018
31.030,0.014
31.035,0.012
31.040,0.012
31.045,0.009
31.050,0.005
31.055,0.001
31.060,-0.005
31.065,-0.007
31.070,-0.006
31.075,-0.006
31.080,-0.003
31.085,-0.003
31.090,-0.006
31.095,-0.007
31.100,-0.008
31.105,-0.009
31.110,-0.011
31.115,-0.014
31.120,-0.016
31.125,-0.014
31.130,-0.012
31.135,-0.011
31.140,-0.013
31.145,-0.018
31.150,-0.024
31.155,-0.026
31.160,-0.026
31.165,-0.023
31.170,-0.019
31.175,-0.019
31.180,-0.022
31.185,-0.026
31.190,-0.030
31.195,-0.032
31.200,-0.031
31.205,-0.029
31.210,-0.027
31.215,-0.026
31.220,-0.027
31.225,-0.032
31.230,-0.037
31.235,-0.041
31.240,-0.043
31.245,-0.043
31.250,-0.038
31.255,-0.033
31.260,-0.032
31.265,-0.034
31.270,-0.036
31.275,-0.038
31.280,-0.038
31.285,-0.039
31.290,-0.040
31.295,-0.042
31.300,-0.046
31.305,-0.046
31.310,-0.042
31.315,-0.039
31.320,-0.040
31.325,-0.041
31.330,-0.039
31.335,-0.038
31.340,-0.039
31.345,-0.039
31.350,-0.038
31.355,-0.036
31.360,-0.035
31.365,-0.035
31.370,-0.035
31.375,-0.036
31.380,-0.036
31.385,-0.035
31.390,-0.035
31.395,-0.031
31.400,-0.029
31.405,-0.028
31.410,-0.032
31.415,-0.035
31.420,-0.031
31.425,-0.028
31.430,-0.028
31.435,-0.028
31.440,-0.028
31.445,-0.028
31.450,-0.029
31.455,-0.030
31.460,-0.030
31.465,-0.030
31.470,-0.034
31.475,-0.050
31.480,-0.066
31.485,-0.070
31.490,-0.064
31.495,-0.058
31.500,-0.068
31.505,-0.084
31.510,-0.095
31.515,-0.097
31.520,-0.083
31.525,-0.070
31.530,-0.063
31.535,-0.055
31.540,-0.043
31.545,-0.020
31.550,0.001
31.555,0.015
31.560,0.033
31.565,0.046
31.570,0.051
31.575,0.053
31.580,0.049
31.585,0.046
31.590,0.044
31.595,0.042
31.600,0.041
31.605,0.038
31.610,0.035
31.615,0.036
31.620,0.052
31.625,0.092
31.630,0.142
31.635,0.143
31.640,0.023
31.645,-0.278
31.650,-0.719
31.655,-1.166
31.660,-1.465
31.665,-1.364
31.670,-0.837
31.675,-0.232
31.680,0.230
31.685,0.431
31.690,0.421
31.695,0.385
31.700,0.322
31.705,0.263
31.710,0.263
31.715,0.267
31.720,0.258
31.725,0.262
31.730,0.260
31.735,0.245
31.740,0.238
31.745,0.234
31.750,0.218
31.755,0.203
31.760,0.194
31.765,0.181
31.770,0.171
31.775,0.165
31.780,0.153
31.785,0.143
31.790,0.136
31.795,0.124
31.800,0.108
31.805,0.099
31.810,0.099
31.815,0.095
31.820,0.081
31.825,0.064
31.830,0.051
31.835,0.043
31.840,0.035
31.845,0.027
31.850,0.021
31.855,0.013
31.860,0.000
31.865,-0.012
31.870,-0.021
31.875,-0.026
31.880,-0.035
31.885,-0.051
31.890,-0.069
31.895,-0.082
31.900,-0.091
31.905,-0.105
31.910,-0.118
31.915,-0.126
31.920,-0.131
31.925,-0.138
31.930,-0.148
31.935,-0.155
31.940,-0.157
31.945,-0.155
31.950,-0.152
31.955,-0.148
31.960,-0.137
31.965,-0.122
31.970,-0.096
31.975,-0.061
31.980,-0.026
31.985,0.008
31.990,0.040
31.995,0.071
32.000,0.101
32.005,0.128
32.010,0.154
32.015,0.174
32.020,0.188
32.025,0.197
32.030,0.199
32.035,0.203
32.040,0.202
32.045,0.196
32.050,0.193
32.055,0.188
32.060,0.177
32.065,0.170
32.070,0.166
32.075,0.161
32.080,0.153
32.085,0.143
32.090,0.129
32.095,0.118
32.100,0.109
32.105,0.101
32.110,0.092
32.115,0.081
32.120,0.074
32.125,0.071
32.130,0.065
32.135,0.057
32.140,0.050
32.145,0.047
32.150,0.045
32.155,0.039
32.160,0.032
32.165,0.026
32.170,0.022
32.175,0.022
32.180,0.018
32.185,0.010
32.190,0.003
32.195,0.002
32.200,0.003
32.205,0.005
32.210,0.006
32.215,0.003
32.220,0.001
32.225,0.000
32.230,-0.002
32.235,-0.001
32.240,-0.002
32.245,-0.006
32.250,-0.009
32.255,-0.009
32.260,-0.007
32.265,-0.005
32.270,-0.009
32.275,-0.015
32.280,-0.015
32.285,-0.015
32.290,-0.017
32.295,-0.021
32.300,-0.023
32.305,-0.024
32.310,-0.026
32.315,-0.024
32.320,-0.024
32.325,-0.027
32.330,-0.030
32.335,-0.030
32.340,-0.028
32.345,-0.027
32.350,-0.032
32.355,-0.036
32.360,-0.036
32.365,-0.036
32.370,-0.039
32.375,-0.041
32.380,-0.038
32.385,-0.038
32.390,-0.039
32.395,-0.040
32.400,-0.043
32.405,-0.048
32.410,-0.048
32.415,-0.046
32.420,-0.043
32.425,-0.041
32.430,-0.044
32.435,-0.045
32.440,-0.046
32.445,-0.047
32.450,-0.046
32.455,-0.042
32.460,-0.041
32.465,-0.042
32.470,-0.042
32.475,-0.043
32.480,-0.046
32.485,-0.046
32.490,-0.044
32.495,-0.042
32.500,-0.042
32.505,-0.041
32.510,-0.037
32.515,-0.036
32.520,-0.037
32.525,-0.039
32.530,-0.040
32.535,-0.039
32.540,-0.040
32.545,-0.040
32.550,-0.039
32.555,-0.038
32.560,-0.036
32.565,-0.033
32.570,-0.030
32.575,-0.029
32.580,-0.033
32.585,-0.047
32.590,-0.065
32.595,-0.073
32.600,-0.070
32.605,-0.065
32.610,-0.069
32.615,-0.082
32.620,-0.096
32.625,-0.101
32.630,-0.095
32.635,-0.083
32.640,-0.075
32.645,-0.068
32.650,-0.059
32.655,-0.042
32.660,-0.019
32.665,0.001
32.670,0.020
32.675,0.035
32.680,0.042
32.685,0.047
32.690,0.048
32.695,0.047
32.700,0.047
32.705,0.044
32.710,0.040
32.715,0.037
32.720,0.036
32.725,0.034
32.730,0.034
32.735,0.060
32.740,0.112
32.745,0.149
32.750,0.107
32.755,-0.086
32.760,-0.457
32.765,-0.924
32.770,-1.343
32.775,-1.520
32.780,-1.225
32.785,-0.612
32.790,-0.038
32.795,0.341
32.800,0.440
32.805,0.403
32.810,0.365
32.815,0.296
32.820,0.263
32.825,0.274
32.830,0.271
32.835,0.269
32.840,0.271
32.845,0.256
32.850,0.240
32.855,0.236
32.860,0.229
32.865,0.216
32.870,0.209
32.875,0.201
32.880,0.187
32.885,0.175
32.890,0.164
32.895,0.152
32.900,0.140
32.905,0.132
32.910,0.123
32.915,0.111
32.920,0.103
32.925,0.094
32.930,0.084
32.935,0.074
32.940,0.063
32.945,0.052
32.950,0.043
32.955,0.035
32.960,0.027
32.965,0.016
32.970,0.007
32.975,-0.002
32.980,-0.013
32.985,-0.026
32.990,-0.038
32.995,-0.050
33.000,-0.062
33.005,-0.073
33.010,-0.086
33.015,-0.098
33.020,-0.111
33.025,-0.123
33.030,-0.131
33.035,-0.142
33.040,-0.150
33.045,-0.154
33.050,-0.158
33.055,-0.160
33.060,-0.160
33.065,-0.156
33.070,-0.146
33.075,-0.129
33.080,-0.108
33.085,-0.080
33.090,-0.047
33.095,-0.015
33.100,0.018
33.105,0.053
33.110,0.089
33.115,0.120
33.120,0.146
33.125,0.167
33.130,0.183
33.135,0.193
33.140,0.199
33.145,0.203
33.150,0.205
33.155,0.202
33.160,0.197
33.165,0.191
33.170,0.184
33.175,0.177
33.180,0.168
33.185,0.158
33.190,0.148
33.195,0.140
33.200,0.134
33.205,0.128
33.210,0.121
33.215,0.113
33.220,0.103
33.225,0.092
33.230,0.083
33.235,0.074
33.240,0.066
33.245,0.059
33.250,0.052
33.255,0.048
33.260,0.043
33.265,0.037
33.270,0.031
33.275,0.024
33.280,0.018
33.285,0.015
33.290,0.015
33.295,0.012
33.300,0.008
33.305,0.004
33.310,0.001
33.315,0.002
33.320,0.001
33.325,-0.001
33.330,-0.003
33.335,-0.005
33.340,-0.006
33.345,-0.007
33.350,-0.007
33.355,-0.008
33.360,-0.010
33.365,-0.013
33.370,-0.014
33.375,-0.014
33.380,-0.014
33.385,-0.016
33.390,-0.017
33.395,-0.018
33.400,-0.017
33.405,-0.017
33.410,-0.019
33.415,-0.021
33.420,-0.023
33.425,-0.024
33.430,-0.024
33.435,-0.028
33.440,-0.028
33.445,-0.028
33.450,-0.030
33.455,-0.032
33.460,-0.035
33.465,-0.036
33.470,-0.036
33.475,-0.035
33.480,-0.034
33.485,-0.036
33.490,-0.037
33.495,-0.038
33.500,-0.037
33.505,-0.037
33.510,-0.040
33.515,-0.041
33.520,-0.041
33.525,-0.042
33.530,-0.041
33.535,-0.041
33.540,-0.040
33.545,-0.040
33.550,-0.041
33.555,-0.041
33.560,-0.041
33.565,-0.041
33.570,-0.041
33.575,-0.042
33.580,-0.043
33.585,-0.043
33.590,-0.043
33.595,-0.039
33.600,-0.036
33.605,-0.037
33.610,-0.038
33.615,-0.040
33.620,-0.041
33.625,-0.040
33.630,-0.039
33.635,-0.039
33.640,-0.037
33.645,-0.037
33.650,-0.037
33.655,-0.036
33.660,-0.034
33.665,-0.033
33.670,-0.034
33.675,-0.035
33.680,-0.035
33.685,-0.033
33.690,-0.031
33.695,-0.030
33.700,-0.029
33.705,-0.029
33.710,-0.029
33.715,-0.028
33.720,-0.027
33.725,-0.026
33.730,-0.026
33.735,-0.028
33.740,-0.032
33.745,-0.043
33.750,-0.060
33.755,-0.069
33.760,-0.068
33.765,-0.063
33.770,-0.065
33.775,-0.076
33.780,-0.087
33.785,-0.091
33.790,-0.086
33.795,-0.075
33.800,-0.063
33.805,-0.052
33.810,-0.041
33.815,-0.023
33.820,-0.001
33.825,0.014
33.830,0.027
33.835,0.038
33.840,0.046
33.845,0.051
33.850,0.052
33.855,0.051
33.860,0.052
33.865,0.049
33.870,0.045
33.875,0.044
33.880,0.042
33.885,0.038
33.890,0.039
33.895,0.062
33.900,0.109
33.905,0.144
33.910,0.110
33.915,-0.067
33.920,-0.421
33.925,-0.879
33.930,-1.313
33.935,-1.527
33.940,-1.280
33.945,-0.698
33.950,-0.126
33.955,0.277
33.960,0.413
33.965,0.398
33.970,0.369
33.975,0.304
33.980,0.271
33.985,0.286
33.990,0.283
33.995,0.281
34.000,0.289
34.005,0.278
34.010,0.264
34.015,0.261
34.020,0.251
34.025,0.234
34.030,0.224
34.035,0.214
34.040,0.199
34.045,0.188
34.050,0.181
34.055,0.168
34.060,0.155
34.065,0.148
34.070,0.140
34.075,0.129
34.080,0.120
34.085,0.110
34.090,0.098
34.095,0.088
34.100,0.078
34.105,0.068
34.110,0.058
34.115,0.048
34.120,0.037
34.125,0.025
34.130,0.015
34.135,0.007
34.140,-0.003
34.145,-0.017
34.150,-0.029
34.155,-0.039
34.160,-0.051
34.165,-0.066
34.170,-0.081
34.175,-0.093
34.180,-0.104
34.185,-0.115
34.190,-0.123
34.195,-0.133
34.200,-0.143
34.205,-0.147
34.210,-0.152
34.215,-0.157
34.220,-0.158
34.225,-0.156
34.230,-0.148
34.235,-0.135
34.240,-0.116
34.245,-0.089
34.250,-0.056
34.255,-0.021
34.260,0.015
34.265,0.049
34.270,0.081
34.275,0.110
34.280,0.137
34.285,0.159
34.290,0.176
34.295,0.188
34.300,0.195
34.305,0.199
34.310,0.200
34.315,0.197
34.320,0.193
34.325,0.188
34.330,0.183
34.335,0.175
34.340,0.168
34.345,0.160
34.350,0.149
34.355,0.138
34.360,0.129
34.365,0.120
34.370,0.114
34.375,0.107
34.380,0.099
34.385,0.091
34.390,0.082
34.395,0.076
34.400,0.069
34.405,0.061
34.410,0.054
34.415,0.047
34.420,0.040
34.425,0.035
34.430,0.030
34.435,0.025
34.440,0.021
34.445,0.015
34.450,0.011
34.455,0.006
34.460,0.004
34.465,0.003
34.470,0.000
34.475,-0.003
34.480,-0.006
34.485,-0.007
34.490,-0.007
34.495,-0.009
34.500,-0.010
34.505,-0.010
34.510,-0.009
34.515,-0.009
34.520,-0.012
34.525,-0.014
34.530,-0.016
34.535,-0.018
34.540,-0.019
34.545,-0.019
34.550,-0.019
34.555,-0.020
34.560,-0.022
34.565,-0.022
34.570,-0.023
34.575,-0.023
34.580,-0.025
34.585,-0.027
34.590,-0.027
34.595,-0.029
34.600,-0.031
34.605,-0.032
34.610,-0.032
34.615,-0.033
34.620,-0.034
34.625,-0.035
34.630,-0.035
34.635,-0.036
34.640,-0.039
34.645,-0.039
34.650,-0.038
34.655,-0.039
34.660,-0.040
34.665,-0.038
34.670,-0.038
34.675,-0.041
34.680,-0.044
34.685,-0.046
34.690,-0.045
34.695,-0.044
34.700,-0.044
34.705,-0.042
34.710,-0.043
34.715,-0.044
34.720,-0.044
34.725,-0.043
34.730,-0.041
34.735,-0.041
34.740,-0.042
34.745,-0.042
34.750,-0.041
34.755,-0.041
34.760,-0.042
34.765,-0.042
34.770,-0.042
34.775,-0.041
34.780,-0.041
34.785,-0.041
34.790,-0.039
34.795,-0.038
34.800,-0.038
34.805,-0.037
34.810,-0.038
34.815,-0.038
34.820,-0.037
34.825,-0.036
34.830,-0.033
34.835,-0.032
34.840,-0.033
34.845,-0.032
34.850,-0.031
34.855,-0.032
34.860,-0.031
34.865,-0.031
34.870,-0.029
34.875,-0.028
34.880,-0.028
34.885,-0.026
34.890,-0.024
34.895,-0.023
34.900,-0.024
34.905,-0.024
34.910,-0.022
34.915,-0.021
34.920,-0.021
34.925,-0.023
34.930,-0.023
34.935,-0.023
34.940,-0.026
34.945,-0.039
34.950,-0.056
34.955,-0.063
34.960,-0.059
34.965,-0.055
34.970,-0.060
34.975,-0.073
34.980,-0.083
34.985,-0.084
34.990,-0.076
34.995,-0.065
35.000,-0.056
35.005,-0.046
35.010,-0.033
35.015,-0.013
35.020,0.008
35.025,0.021
35.030,0.035
35.035,0.046
35.040,0.054
35.045,0.060
35.050,0.058
35.055,0.054
35.060,0.053
35.065,0.052
35.070,0.050
35.075,0.046
35.080,0.042
35.085,0.038
35.090,0.042
35.095,0.069
35.100,0.116
35.105,0.149
35.110,0.106
35.115,-0.088
35.120,-0.449
35.125,-0.901
35.130,-1.320
35.135,-1.498
35.140,-1.216
35.145,-0.635
35.150,-0.086
35.155,0.285
35.160,0.405
35.165,0.393
35.170,0.362
35.175,0.296
35.180,0.268
35.185,0.284
35.190,0.280
35.195,0.278
35.200,0.287
35.205,0.275
35.210,0.258
35.215,0.255
35.220,0.245
35.225,0.228
35.230,0.219
35.235,0.210
35.240,0.196
35.245,0.184
35.250,0.176
35.255,0.166
35.260,0.154
35.265,0.145
35.270,0.135
35.275,0.124
35.280,0.114
35.285,0.103
35.290,0.092
35.295,0.085
35.300,0.078
35.305,0.065
35.310,0.054
35.315,0.046
35.320,0.036
35.325,0.023
35.330,0.012
35.335,0.003
35.340,-0.006
35.345,-0.017
35.350,-0.030
35.355,-0.042
35.360,-0.053
35.365,-0.065
35.370,-0.078
35.375,-0.091
35.380,-0.103
35.385,-0.115
35.390,-0.124
35.395,-0.133
35.400,-0.141
35.405,-0.148
35.410,-0.152
35.415,-0.153
35.420,-0.155
35.425,-0.155
35.430,-0.148
35.435,-0.135
35.440,-0.116
35.445,-0.090
35.450,-0.061
35.455,-0.028
35.460,0.006
35.465,0.041
35.470,0.074
35.475,0.102
35.480,0.128
35.485,0.151
35.490,0.169
35.495,0.182
35.500,0.189
35.505,0.194
35.510,0.197
35.515,0.196
35.520,0.191
35.525,0.185
35.530,0.178
35.535,0.170
35.540,0.164
35.545,0.156
35.550,0.148
35.555,0.139
35.560,0.131
35.565,0.122
35.570,0.114
35.575,0.105
35.580,0.097
35.585,0.090
35.590,0.082
35.595,0.073
35.600,0.066
35.605,0.059
35.610,0.053
35.615,0.047
35.620,0.039
35.625,0.032
35.630,0.028
35.635,0.025
35.640,0.020
35.645,0.015
35.650,0.011
35.655,0.009
35.660,0.008
35.665,0.003
35.670,-0.001
35.675,-0.002
35.680,-0.003
35.685,-0.003
35.690,-0.003
35.695,-0.003
35.700,-0.005
35.705,-0.007
35.710,-0.007
35.715,-0.008
35.720,-0.009
35.725,-0.012
35.730,-0.014
35.735,-0.015
35.740,-0.015
35.745,-0.015
35.750,-0.016
35.755,-0.018
35.760,-0.018
35.765,-0.019
35.770,-0.022
35.775,-0.027
35.780,-0.028
35.785,-0.027
35.790,-0.028
35.795,-0.028
35.800,-0.028
35.805,-0.028
35.810,-0.030
35.815,-0.031
35.820,-0.031
35.825,-0.033
35.830,-0.036
35.835,-0.036
35.840,-0.036
35.845,-0.036
35.850,-0.037
35.855,-0.040
35.860,-0.040
35.865,-0.040
35.870,-0.040
35.875,-0.040
35.880,-0.041
35.885,-0.042
35.890,-0.041
35.895,-0.041
35.900,-0.042
35.905,-0.041
35.910,-0.041
35.915,-0.045
35.920,-0.044
35.925,-0.040
35.930,-0.038
35.935,-0.039
35.940,-0.042
35.945,-0.044
35.950,-0.041
35.955,-0.040
35.960,-0.039
35.965,-0.039
35.970,-0.040
35.975,-0.042
35.980,-0.042
35.985,-0.041
35.990,-0.040
35.995,-0.038
36.000,-0.036
36.005,-0.036
36.010,-0.036
36.015,-0.036
36.020,-0.035
36.025,-0.035
36.030,-0.034
36.035,-0.033
36.040,-0.032
36.045,-0.032
36.050,-0.032
36.055,-0.033
36.060,-0.033
36.065,-0.030
36.070,-0.030
36.075,-0.029
36.080,-0.027
36.085,-0.027
36.090,-0.024
36.095,-0.022
36.100,-0.024
36.105,-0.022
36.110,-0.021
36.115,-0.022
36.120,-0.022
36.125,-0.023
36.130,-0.026
36.135,-0.040
36.140,-0.059
36.145,-0.066
36.150,-0.062
36.155,-0.059
36.160,-0.064
36.165,-0.077
36.170,-0.085
36.175,-0.087
36.180,-0.079
36.185,-0.067
36.190,-0.056
36.195,-0.047
36.200,-0.036
36.205,-0.014
36.210,0.008
36.215,0.022
36.220,0.034
36.225,0.044
36.230,0.053
36.235,0.060
36.240,0.058
36.245,0.053
36.250,0.050
36.255,0.048
36.260,0.047
36.265,0.047
36.270,0.045
36.275,0.040
36.280,0.043
36.285,0.070
36.290,0.122
36.295,0.155
36.300,0.104
36.305,-0.103
36.310,-0.477
36.315,-0.932
36.320,-1.339
36.325,-1.484
36.330,-1.161
36.335,-0.571
36.340,-0.037
36.345,0.313
36.350,0.413
36.355,0.396
36.360,0.360
36.365,0.290
36.370,0.264
36.375,0.278
36.380,0.271
36.385,0.269
36.390,0.278
36.395,0.266
36.400,0.253
36.405,0.252
36.410,0.241
36.415,0.223
36.420,0.214
36.425,0.206
36.430,0.191
36.435,0.180
36.440,0.172
36.445,0.161
36.450,0.150
36.455,0.141
36.460,0.131
36.465,0.120
36.470,0.110
36.475,0.100
36.480,0.090
36.485,0.081
36.490,0.071
36.495,0.060
36.500,0.049
36.505,0.042
36.510,0.034
36.515,0.022
36.520,0.014
36.525,0.003
36.530,-0.010
36.535,-0.020
36.540,-0.032
36.545,-0.040
36.550,-0.048
36.555,-0.061
36.560,-0.075
36.565,-0.087
36.570,-0.099
36.575,-0.113
36.580,-0.123
36.585,-0.133
36.590,-0.140
36.595,-0.145
36.600,-0.149
36.605,-0.150
36.610,-0.148
36.615,-0.146
36.620,-0.141
36.625,-0.130
36.630,-0.115
36.635,-0.093
36.640,-0.063
36.645,-0.028
36.650,0.007
36.655,0.040
36.660,0.073
36.665,0.103
36.670,0.129
36.675,0.150
36.680,0.167
36.685,0.182
36.690,0.191
36.695,0.194
36.700,0.192
36.705,0.189
36.710,0.187
36.715,0.186
36.720,0.181
36.725,0.172
36.730,0.163
36.735,0.154
36.740,0.143
36.745,0.134
36.750,0.126
36.755,0.120
36.760,0.114
36.765,0.106
36.770,0.097
36.775,0.086
36.780,0.077
36.785,0.074
36.790,0.070
36.795,0.061
36.800,0.052
36.805,0.044
36.810,0.039
36.815,0.035
36.820,0.030
36.825,0.024
36.830,0.018
36.835,0.014
36.840,0.011
36.845,0.008
36.850,0.005
36.855,0.005
36.860,0.005
36.865,0.003
36.870,0.003
36.875,0.002
36.880,-0.003
36.885,-0.006
36.890,-0.004
36.895,-0.001
36.900,-0.002
36.905,-0.007
36.910,-0.010
36.915,-0.011
36.920,-0.012
36.925,-0.014
36.930,-0.015
36.935,-0.018
36.940,-0.020
36.945,-0.019
36.950,-0.018
36.955,-0.018
36.960,-0.021
36.965,-0.021
36.970,-0.022
36.975,-0.023
36.980,-0.023
36.985,-0.026
36.990,-0.030
36.995,-0.031
37.000,-0.030
37.005,-0.031
37.010,-0.031
37.015,-0.033
37.020,-0.037
37.025,-0.038
37.030,-0.037
37.035,-0.037
37.040,-0.036
37.045,-0.036
37.050,-0.038
37.055,-0.038
37.060,-0.038
37.065,-0.039
37.070,-0.039
37.075,-0.041
37.080,-0.044
37.085,-0.042
37.090,-0.040
37.095,-0.039
37.100,-0.039
37.105,-0.042
37.110,-0.044
37.115,-0.044
37.120,-0.045
37.125,-0.046
37.130,-0.043
37.135,-0.042
37.140,-0.043
37.145,-0.047
37.150,-0.047
37.155,-0.041
37.160,-0.038
37.165,-0.040
37.170,-0.041
37.175,-0.042
37.180,-0.041
37.185,-0.040
37.190,-0.038
37.195,-0.035
37.200,-0.032
37.205,-0.030
37.210,-0.030
37.215,-0.032
37.220,-0.038
37.225,-0.038
37.230,-0.032
37.235,-0.028
37.240,-0.028
37.245,-0.033
37.250,-0.035
37.255,-0.034
37.260,-0.033
37.265,-0.030
37.270,-0.027
37.275,-0.025
37.280,-0.025
37.285,-0.026
37.290,-0.026
37.295,-0.032
37.300,-0.048
37.305,-0.064
37.310,-0.066
37.315,-0.061
37.320,-0.058
37.325,-0.065
37.330,-0.081
37.335,-0.094
37.340,-0.090
37.345,-0.075
37.350,-0.064
37.355,-0.061
37.360,-0.058
37.365,-0.046
37.370,-0.019
37.375,0.006
37.380,0.020
37.385,0.033
37.390,0.043
37.395,0.049
37.400,0.052
37.405,0.049
37.410,0.049
37.415,0.053
37.420,0.051
37.425,0.046
37.430,0.042
37.435,0.039
37.440,0.034
37.445,0.040
37.450,0.075
37.455,0.127
37.460,0.150
37.465,0.077
37.470,-0.165
37.475,-0.574
37.480,-1.032
37.485,-1.404
37.490,-1.460
37.495,-1.044
37.500,-0.426
37.505,0.096
37.510,0.391
37.515,0.433
37.520,0.399
37.525,0.349
37.530,0.274
37.535,0.256
37.540,0.268
37.545,0.265
37.550,0.267
37.555,0.265
37.560,0.247
37.565,0.237
37.570,0.235
37.575,0.226
37.580,0.213
37.585,0.204
37.590,0.194
37.595,0.179
37.600,0.170
37.605,0.161
37.610,0.152
37.615,0.144
37.620,0.135
37.625,0.125
37.630,0.112
37.635,0.101
37.640,0.089
37.645,0.080
37.650,0.072
37.655,0.063
37.660,0.052
37.665,0.043
37.670,0.036
37.675,0.026
37.680,0.014
37.685,0.006
37.690,-0.001
37.695,-0.011
37.700,-0.024
37.705,-0.036
37.710,-0.049
37.715,-0.060
37.720,-0.069
37.725,-0.079
37.730,-0.091
37.735,-0.102
37.740,-0.108
37.745,-0.118
37.750,-0.132
37.755,-0.144
37.760,-0.150
37.765,-0.152
37.770,-0.153
37.775,-0.151
37.780,-0.147
37.785,-0.140
37.790,-0.129
37.795,-0.111
37.800,-0.081
37.805,-0.048
37.810,-0.016
37.815,0.018
37.820,0.052
37.825,0.086
37.830,0.115
37.835,0.137
37.840,0.156
37.845,0.175
37.850,0.191
37.855,0.200
37.860,0.201
37.865,0.196
37.870,0.191
37.875,0.189
37.880,0.189
37.885,0.184
37.890,0.176
37.895,0.168
37.900,0.159
37.905,0.152
37.910,0.143
37.915,0.132
37.920,0.125
37.925,0.116
37.930,0.104
37.935,0.094
37.940,0.088
37.945,0.084
37.950,0.078
37.955,0.069
37.960,0.060
37.965,0.053
37.970,0.047
37.975,0.040
37.980,0.035
37.985,0.034
37.990,0.032
37.995,0.028
38.000,0.021
38.005,0.014
38.010,0.012
38.015,0.012
38.020,0.009
38.025,0.006
38.030,0.005
38.035,0.006
38.040,0.006
38.045,0.005
38.050,0.004
38.055,0.004
38.060,0.002
38.065,-0.002
38.070,-0.008
38.075,-0.010
38.080,-0.009
38.085,-0.012
38.090,-0.013
38.095,-0.013
38.100,-0.010
38.105,-0.007
38.110,-0.011
38.115,-0.016
38.120,-0.018
38.125,-0.020
38.130,-0.019
38.135,-0.020
38.140,-0.025
38.145,-0.032
38.150,-0.034
38.155,-0.030
38.160,-0.026
38.165,-0.028
38.170,-0.032
38.175,-0.035
38.180,-0.035
38.185,-0.036
38.190,-0.039
38.195,-0.039
38.200,-0.038
38.205,-0.038
38.210,-0.038
38.215,-0.038
38.220,-0.040
38.225,-0.045
38.230,-0.048
38.235,-0.048
38.240,-0.044
38.245,-0.040
38.250,-0.043
38.255,-0.050
38.260,-0.052
38.265,-0.050
38.270,-0.046
38.275,-0.042
38.280,-0.039
38.285,-0.042
38.290,-0.044
38.295,-0.041
38.300,-0.040
38.305,-0.042
38.310,-0.046
38.315,-0.047
38.320,-0.043
38.325,-0.042
38.330,-0.042
38.335,-0.043
38.340,-0.042
38.345,-0.041
38.350,-0.041
38.355,-0.041
38.360,-0.040
38.365,-0.037
38.370,-0.036
38.375,-0.033
38.380,-0.031
38.385,-0.033
38.390,-0.036
38.395,-0.037
38.400,-0.038
38.405,-0.038
38.410,-0.035
38.415,-0.035
38.420,-0.043
38.425,-0.059
38.430,-0.070
38.435,-0.070
38.440,-0.066
38.445,-0.069
38.450,-0.081
38.455,-0.094
38.460,-0.100
38.465,-0.095
38.470,-0.082
38.475,-0.074
38.480,-0.069
38.485,-0.061
38.490,-0.044
38.495,-0.019
38.500,0.003
38.505,0.022
38.510,0.037
38.515,0.044
38.520,0.046
38.525,0.047
38.530,0.043
38.535,0.040
38.540,0.039
38.545,0.037
38.550,0.037
38.555,0.037
38.560,0.032
38.565,0.032
38.570,0.056
38.575,0.104
38.580,0.145
38.585,0.118
38.590,-0.060
38.595,-0.426
38.600,-0.893
38.605,-1.315
38.610,-1.510
38.615,-1.248
38.620,-0.640
38.625,-0.054
38.630,0.332
38.635,0.439
38.640,0.405
38.645,0.371
38.650,0.301
38.655,0.256
38.660,0.263
38.665,0.265
38.670,0.262
38.675,0.264
38.680,0.256
38.685,0.241
38.690,0.234
38.695,0.224
38.700,0.209
38.705,0.201
38.710,0.195
38.715,0.182
38.720,0.171
38.725,0.165
38.730,0.156
38.735,0.142
38.740,0.131
38.745,0.123
38.750,0.112
38.755,0.100
38.760,0.091
38.765,0.081
38.770,0.073
38.775,0.065
38.780,0.056
38.785,0.048
38.790,0.037
38.795,0.025
38.800,0.016
38.805,0.007
38.810,-0.002
38.815,-0.012
38.820,-0.020
38.825,-0.030
38.830,-0.044
38.835,-0.059
38.840,-0.072
38.845,-0.082
38.850,-0.092
38.855,-0.103
38.860,-0.110
38.865,-0.119
38.870,-0.128
38.875,-0.138
38.880,-0.147
38.885,-0.152
38.890,-0.152
38.895,-0.152
38.900,-0.152
38.905,-0.146
38.910,-0.133
38.915,-0.112
38.920,-0.085
38.925,-0.059
38.930,-0.028
38.935,0.010
38.940,0.048
38.945,0.083
38.950,0.113
38.955,0.138
38.960,0.161
38.965,0.181
38.970,0.191
38.975,0.198
38.980,0.204
38.985,0.204
38.990,0.201
38.995,0.199
39.000,0.197
39.005,0.192
39.010,0.183
39.015,0.174
39.020,0.164
39.025,0.153
39.030,0.141
39.035,0.133
39.040,0.130
39.045,0.124
39.050,0.114
39.055,0.103
39.060,0.094
39.065,0.088
39.070,0.081
39.075,0.073
39.080,0.065
39.085,0.056
39.090,0.049
39.095,0.044
39.100,0.039
39.105,0.034
39.110,0.030
39.115,0.025
39.120,0.020
39.125,0.014
39.130,0.011
39.135,0.012
39.140,0.011
39.145,0.011
39.150,0.010
39.155,0.007
39.160,0.005
39.165,0.002
39.170,-0.001
39.175,-0.003
39.180,-0.003
39.185,-0.004
39.190,-0.006
39.195,-0.007
39.200,-0.006
39.205,-0.004
39.210,-0.006
39.215,-0.011
39.220,-0.015
39.225,-0.016
39.230,-0.016
39.235,-0.018
39.240,-0.018
39.245,-0.019
39.250,-0.022
39.255,-0.025
39.260,-0.027
39.265,-0.027
39.270,-0.027
39.275,-0.029
39.280,-0.031
39.285,-0.030
39.290,-0.030
39.295,-0.032
39.300,-0.033
39.305,-0.034
39.310,-0.035
39.315,-0.037
39.320,-0.039
39.325,-0.039
39.330,-0.038
39.335,-0.039
39.340,-0.040
39.345,-0.039
39.350,-0.041
39.355,-0.042
39.360,-0.044
39.365,-0.045
39.370,-0.044
39.375,-0.042
39.380,-0.043
39.385,-0.045
39.390,-0.045
39.395,-0.044
39.400,-0.043
39.405,-0.043
39.410,-0.045
39.415,-0.044
39.420,-0.042
39.425,-0.041
39.430,-0.041
39.435,-0.040
39.440,-0.039
39.445,-0.040
39.450,-0.042
39.455,-0.044
39.460,-0.044
39.465,-0.041
39.470,-0.040
39.475,-0.039
39.480,-0.039
39.485,-0.040
39.490,-0.040
39.495,-0.039
39.500,-0.037
39.505,-0.034
39.510,-0.032
39.515,-0.031
39.520,-0.031
39.525,-0.032
39.530,-0.033
39.535,-0.036
39.540,-0.046
39.545,-0.061
39.550,-0.074
39.555,-0.075
39.560,-0.072
39.565,-0.072
39.570,-0.081
39.575,-0.092
39.580,-0.098
39.585,-0.093
39.590,-0.082
39.595,-0.071
39.600,-0.063
39.605,-0.052
39.610,-0.036
39.615,-0.013
39.620,0.006
39.625,0.019
39.630,0.031
39.635,0.039
39.640,0.047
39.645,0.051
39.650,0.049
39.655,0.045
39.660,0.041
39.665,0.039
39.670,0.038
39.675,0.036
39.680,0.034
39.685,0.036
39.690,0.058
39.695,0.107
39.700,0.143
39.705,0.106
39.710,-0.075
39.715,-0.435
39.720,-0.899
39.725,-1.333
39.730,-1.541
39.735,-1.288
39.740,-0.700
39.745,-0.120
39.750,0.286
39.755,0.420
39.760,0.400
39.765,0.368
39.770,0.306
39.775,0.274
39.780,0.286
39.785,0.282
39.790,0.278
39.795,0.286
39.800,0.276
39.805,0.261
39.810,0.258
39.815,0.248
39.820,0.231
39.825,0.223
39.830,0.214
39.835,0.200
39.840,0.188
39.845,0.179
39.850,0.165
39.855,0.151
39.860,0.144
39.865,0.138
39.870,0.128
39.875,0.118
39.880,0.108
39.885,0.097
39.890,0.086
39.895,0.075
39.900,0.064
39.905,0.054
39.910,0.045
39.915,0.035
39.920,0.025
39.925,0.015
39.930,0.004
39.935,-0.006
39.940,-0.017
39.945,-0.028
39.950,-0.038
39.955,-0.050
39.960,-0.063
39.965,-0.078
39.970,-0.090
39.975,-0.099
39.980,-0.111
39.985,-0.123
39.990,-0.131
39.995,-0.138
40.000,-0.145
40.005,-0.153
40.010,-0.156
40.015,-0.155
40.020,-0.152
40.025,-0.146
40.030,-0.133
40.035,-0.114
40.040,-0.090
40.045,-0.060
40.050,-0.026
40.055,0.008
40.060,0.042
40.065,0.076
40.070,0.108
40.075,0.133
40.080,0.153
40.085,0.171
40.090,0.185
40.095,0.197
40.100,0.202
40.105,0.202
40.110,0.199
40.115,0.194
40.120,0.188
40.125,0.182
40.130,0.174
40.135,0.166
40.140,0.157
40.145,0.149
40.150,0.142
40.155,0.134
40.160,0.126
40.165,0.117
40.170,0.107
40.175,0.099
40.180,0.092
40.185,0.085
40.190,0.078
40.195,0.069
40.200,0.060
40.205,0.054
40.210,0.050
40.215,0.045
40.220,0.039
40.225,0.033
40.230,0.027
40.235,0.023
40.240,0.018
40.245,0.014
40.250,0.011
40.255,0.007
40.260,0.004
40.265,0.001
40.270,-0.001
40.275,-0.002
40.280,-0.003
40.285,-0.004
40.290,-0.005
40.295,-0.006
40.300,-0.007
40.305,-0.009
40.310,-0.010
40.315,-0.012
40.320,-0.013
40.325,-0.015
40.330,-0.018
40.335,-0.020
40.340,-0.018
40.345,-0.017
40.350,-0.018
40.355,-0.022
40.360,-0.024
40.365,-0.025
40.370,-0.025
40.375,-0.025
40.380,-0.028
40.385,-0.030
40.390,-0.031
40.395,-0.032
40.400,-0.033
40.405,-0.032
40.410,-0.034
40.415,-0.036
40.420,-0.036
40.425,-0.038
40.430,-0.038
40.435,-0.039
40.440,-0.041
40.445,-0.041
40.450,-0.040
40.455,-0.041
40.460,-0.040
40.465,-0.040
40.470,-0.042
40.475,-0.043
40.480,-0.044
40.485,-0.045
40.490,-0.043
40.495,-0.041
40.500,-0.042
40.505,-0.043
40.510,-0.044
40.515,-0.044
40.520,-0.043
40.525,-0.044
40.530,-0.045
40.535,-0.044
40.540,-0.043
40.545,-0.043
40.550,-0.042
40.555,-0.042
40.560,-0.042
40.565,-0.042
40.570,-0.041
40.575,-0.041
40.580,-0.040
40.585,-0.040
40.590,-0.039
40.595,-0.038
40.600,-0.037
40.605,-0.037
40.610,-0.038
40.615,-0.038
40.620,-0.039
40.625,-0.037
40.630,-0.035
40.635,-0.033
40.640,-0.031
40.645,-0.031
40.650,-0.033
40.655,-0.032
40.660,-0.030
40.665,-0.029
40.670,-0.029
40.675,-0.028
40.680,-0.025
40.685,-0.024
40.690,-0.026
40.695,-0.029
40.700,-0.029
40.705,-0.029
40.710,-0.038
40.715,-0.056
40.720,-0.067
40.725,-0.066
40.730,-0.062
40.735,-0.064
40.740,-0.074
40.745,-0.086
40.750,-0.090
40.755,-0.085
40.760,-0.073
40.765,-0.061
40.770,-0.051
40.775,-0.042
40.780,-0.027
40.785,-0.003
40.790,0.014
40.795,0.027
40.800,0.039
40.805,0.048
40.810,0.055
40.815,0.055
40.820,0.051
40.825,0.050
40.830,0.048
40.835,0.046
40.840,0.044
40.845,0.041
40.850,0.039
40.855,0.039
40.860,0.058
40.865,0.104
40.870,0.145
40.875,0.122
40.880,-0.035
40.885,-0.368
40.890,-0.813
40.895,-1.252
40.900,-1.508
40.905,-1.322
40.910,-0.767
40.915,-0.195
40.920,0.224
40.925,0.392
40.930,0.396
40.935,0.373
40.940,0.308
40.945,0.266
40.950,0.280
40.955,0.282
40.960,0.278
40.965,0.287
40.970,0.278
40.975,0.260
40.980,0.256
40.985,0.250
40.990,0.233
40.995,0.222
41.000,0.214
41.005,0.201
41.010,0.189
41.015,0.180
41.020,0.168
41.025,0.157
41.030,0.148
41.035,0.139
41.040,0.128
41.045,0.118
41.050,0.108
41.055,0.098
41.060,0.087
41.065,0.076
41.070,0.066
41.075,0.056
41.080,0.047
41.085,0.040
41.090,0.029
41.095,0.018
41.100,0.007
41.105,-0.002
41.110,-0.011
41.115,-0.022
41.120,-0.035
41.125,-0.048
41.130,-0.060
41.135,-0.071
41.140,-0.084
41.145,-0.096
41.150,-0.107
41.155,-0.118
41.160,-0.128
41.165,-0.135
41.170,-0.141
41.175,-0.144
41.180,-0.147
41.185,-0.150
41.190,-0.150
41.195,-0.147
41.200,-0.137
41.205,-0.120
41.210,-0.097
41.215,-0.069
41.220,-0.039
41.225,-0.006
41.230,0.029
41.235,0.061
41.240,0.092
41.245,0.119
41.250,0.143
41.255,0.161
41.260,0.175
41.265,0.187
41.270,0.192
41.275,0.194
41.280,0.194
41.285,0.190
41.290,0.185
41.295,0.179
41.300,0.173
41.305,0.167
41.310,0.157
41.315,0.146
41.320,0.136
41.325,0.129
41.330,0.123
41.335,0.116
41.340,0.108
41.345,0.100
41.350,0.091
41.355,0.083
41.360,0.077
41.365,0.070
41.370,0.062
41.375,0.054
41.380,0.047
41.385,0.042
41.390,0.038
41.395,0.035
41.400,0.030
41.405,0.025
41.410,0.019
41.415,0.015
41.420,0.012
41.425,0.010
41.430,0.008
41.435,0.007
41.440,0.005
41.445,0.004
41.450,0.003
41.455,0.001
41.460,0.000
41.465,-0.002
41.470,-0.003
41.475,-0.002
41.480,-0.003
41.485,-0.005
41.490,-0.009
41.495,-0.011
41.500,-0.013
41.505,-0.015
41.510,-0.017
41.515,-0.018
41.520,-0.016
41.525,-0.016
41.530,-0.018
41.535,-0.020
41.540,-0.022
41.545,-0.023
41.550,-0.024
41.555,-0.025
41.560,-0.027
41.565,-0.027
41.570,-0.027
41.575,-0.029
41.580,-0.032
41.585,-0.032
41.590,-0.032
41.595,-0.034
41.600,-0.035
41.605,-0.037
41.610,-0.039
41.615,-0.039
41.620,-0.040
41.625,-0.039
41.630,-0.037
41.635,-0.036
41.640,-0.037
41.645,-0.039
41.650,-0.040
41.655,-0.040
41.660,-0.040
41.665,-0.042
41.670,-0.044
41.675,-0.044
41.680,-0.042
41.685,-0.041
41.690,-0.041
41.695,-0.042
41.700,-0.043
41.705,-0.044
41.710,-0.043
41.715,-0.040
41.720,-0.038
41.725,-0.039
41.730,-0.042
41.735,-0.043
41.740,-0.041
41.745,-0.041
41.750,-0.042
41.755,-0.041
41.760,-0.038
41.765,-0.035
41.770,-0.034
41.775,-0.035
41.780,-0.039
41.785,-0.038
41.790,-0.035
41.795,-0.033
41.800,-0.031
41.805,-0.030
41.810,-0.031
41.815,-0.031
41.820,-0.034
41.825,-0.033
41.830,-0.028
41.835,-0.027
41.840,-0.027
41.845,-0.025
41.850,-0.025
41.855,-0.023
41.860,-0.023
41.865,-0.025
41.870,-0.026
41.875,-0.027
41.880,-0.028
41.885,-0.038
41.890,-0.052
41.895,-0.061
41.900,-0.060
41.905,-0.058
41.910,-0.063
41.915,-0.077
41.920,-0.087
41.925,-0.088
41.930,-0.083
41.935,-0.072
41.940,-0.063
41.945,-0.055
41.950,-0.042
41.955,-0.023
41.960,-0.001
41.965,0.015
41.970,0.028
41.975,0.041
41.980,0.051
41.985,0.057
41.990,0.058
41.995,0.055
42.000,0.052
42.005,0.050
42.010,0.046
42.015,0.043
42.020,0.041
42.025,0.039
42.030,0.037
42.035,0.054
42.040,0.098
42.045,0.146
42.050,0.138
42.055,0.001
42.060,-0.311
42.065,-0.749
42.070,-1.191
42.075,-1.475
42.080,-1.337
42.085,-0.809
42.090,-0.236
42.095,0.201
42.100,0.395
42.105,0.400
42.110,0.375
42.115,0.312
42.120,0.261
42.125,0.272
42.130,0.276
42.135,0.270
42.140,0.279
42.145,0.272
42.150,0.254
42.155,0.250
42.160,0.243
42.165,0.227
42.170,0.215
42.175,0.207
42.180,0.193
42.185,0.180
42.190,0.172
42.195,0.162
42.200,0.151
42.205,0.143
42.210,0.136
42.215,0.127
42.220,0.114
42.225,0.100
42.230,0.090
42.235,0.084
42.240,0.076
42.245,0.066
42.250,0.055
42.255,0.046
42.260,0.036
42.265,0.023
42.270,0.013
42.275,0.005
42.280,-0.006
42.285,-0.016
42.290,-0.026
42.295,-0.035
42.300,-0.044
42.305,-0.058
42.310,-0.073
42.315,-0.083
42.320,-0.092
42.325,-0.102
42.330,-0.113
42.335,-0.124
42.340,-0.130
42.345,-0.136
42.350,-0.141
42.355,-0.145
42.360,-0.148
42.365,-0.147
42.370,-0.142
42.375,-0.132
42.380,-0.118
42.385,-0.099
42.390,-0.074
42.395,-0.047
42.400,-0.016
42.405,0.019
42.410,0.054
42.415,0.087
42.420,0.114
42.425,0.136
42.430,0.155
42.435,0.169
42.440,0.179
42.445,0.189
42.450,0.194
42.455,0.194
42.460,0.191
42.465,0.183
42.470,0.175
42.475,0.171
42.480,0.165
42.485,0.158
42.490,0.148
42.495,0.137
42.500,0.128
42.505,0.122
42.510,0.114
42.515,0.106
42.520,0.099
42.525,0.091
42.530,0.085
42.535,0.076
42.540,0.064
42.545,0.058
42.550,0.055
42.555,0.050
42.560,0.044
42.565,0.037
42.570,0.030
42.575,0.024
42.580,0.021
42.585,0.022
42.590,0.022
42.595,0.018
42.600,0.013
42.605,0.010
42.610,0.007
42.615,0.003
42.620,0.000
42.625,0.000
42.630,-0.001
42.635,-0.004
42.640,-0.005
42.645,-0.006
42.650,-0.005
42.655,-0.006
42.660,-0.005
42.665,-0.005
42.670,-0.008
42.675,-0.010
42.680,-0.010
42.685,-0.011
42.690,-0.013
42.695,-0.015
42.700,-0.017
42.705,-0.018
42.710,-0.019
42.715,-0.019
42.720,-0.020
42.725,-0.023
42.730,-0.028
42.735,-0.028
42.740,-0.027
42.745,-0.028
42.750,-0.029
42.755,-0.029
42.760,-0.033
42.765,-0.036
42.770,-0.039
42.775,-0.041
42.780,-0.037
42.785,-0.033
42.790,-0.032
42.795,-0.034
42.800,-0.037
42.805,-0.039
42.810,-0.039
42.815,-0.040
42.820,-0.039
42.825,-0.037
42.830,-0.037
42.835,-0.042
42.840,-0.045
42.845,-0.045
42.850,-0.045
42.855,-0.043
42.860,-0.043
42.865,-0.046
42.870,-0.045
42.875,-0.046
42.880,-0.045
42.885,-0.043
42.890,-0.042
42.895,-0.041
42.900,-0.039
42.905,-0.040
42.910,-0.040
42.915,-0.040
42.920,-0.041
42.925,-0.040
42.930,-0.043
42.935,-0.045
42.940,-0.042
42.945,-0.040
42.950,-0.037
42.955,-0.036
42.960,-0.036
42.965,-0.035
42.970,-0.035
42.975,-0.036
42.980,-0.035
42.985,-0.033
42.990,-0.030
42.995,-0.029
43.000,-0.030
43.005,-0.032
43.010,-0.034
43.015,-0.035
43.020,-0.036
43.025,-0.042
43.030,-0.056
43.035,-0.066
43.040,-0.066
43.045,-0.063
43.050,-0.063
43.055,-0.077
43.060,-0.094
43.065,-0.101
43.070,-0.095
43.075,-0.082
43.080,-0.072
43.085,-0.064
43.090,-0.054
43.095,-0.036
43.100,-0.010
43.105,0.008
43.110,0.024
43.115,0.038
43.120,0.043
43.125,0.047
43.130,0.048
43.135,0.046
43.140,0.045
43.145,0.045
43.150,0.044
43.155,0.044
43.160,0.042
43.165,0.037
43.170,0.035
43.175,0.051
43.180,0.099
43.185,0.146
43.190,0.134
43.195,-0.011
43.200,-0.338
43.205,-0.786
43.210,-1.220
43.215,-1.484
43.220,-1.327
43.225,-0.770
43.230,-0.176
43.235,0.262
43.240,0.436
43.245,0.417
43.250,0.382
43.255,0.315
43.260,0.261
43.265,0.265
43.270,0.266
43.275,0.257
43.280,0.262
43.285,0.256
43.290,0.240
43.295,0.238
43.300,0.236
43.305,0.221
43.310,0.209
43.315,0.202
43.320,0.188
43.325,0.173
43.330,0.164
43.335,0.156
43.340,0.146
43.345,0.137
43.350,0.125
43.355,0.112
43.360,0.101
43.365,0.095
43.370,0.088
43.375,0.080
43.380,0.071
43.385,0.061
43.390,0.051
43.395,0.040
43.400,0.028
43.405,0.017
43.410,0.009
43.415,0.001
43.420,-0.006
43.425,-0.014
43.430,-0.024
43.435,-0.036
43.440,-0.052
43.445,-0.066
43.450,-0.078
43.455,-0.089
43.460,-0.100
43.465,-0.108
43.470,-0.117
43.475,-0.127
43.480,-0.136
43.485,-0.141
43.490,-0.145
43.495,-0.148
43.500,-0.150
43.505,-0.148
43.510,-0.139
43.515,-0.129
43.520,-0.117
43.525,-0.095
43.530,-0.068
43.535,-0.038
43.540,-0.005
43.545,0.027
43.550,0.057
43.555,0.087
43.560,0.116
43.565,0.145
43.570,0.169
43.575,0.186
43.580,0.192
43.585,0.195
43.590,0.198
43.595,0.199
43.600,0.196
43.605,0.188
43.610,0.184
43.615,0.181
43.620,0.173
43.625,0.165
43.630,0.156
43.635,0.148
43.640,0.137
43.645,0.123
43.650,0.113
43.655,0.106
43.660,0.102
43.665,0.097
43.670,0.088
43.675,0.077
43.680,0.068
43.685,0.060
43.690,0.053
43.695,0.049
43.700,0.045
43.705,0.042
43.710,0.041
43.715,0.036
43.720,0.028
43.725,0.022
43.730,0.020
43.735,0.019
43.740,0.018
43.745,0.015
43.750,0.012
43.755,0.009
43.760,0.005
43.765,0.003
43.770,0.005
43.775,0.003
43.780,0.000
43.785,0.001
43.790,0.001
43.795,0.000
43.800,-0.003
43.805,-0.006
43.810,-0.007
43.815,-0.006
43.820,-0.008
43.825,-0.012
43.830,-0.017
43.835,-0.018
43.840,-0.017
43.845,-0.017
43.850,-0.015
43.855,-0.014
43.860,-0.017
43.865,-0.025
43.870,-0.031
43.875,-0.031
43.880,-0.026
43.885,-0.023
43.890,-0.027
43.895,-0.034
43.900,-0.039
43.905,-0.038
43.910,-0.037
43.915,-0.036
43.920,-0.034
43.925,-0.036
43.930,-0.036
43.935,-0.033
43.940,-0.033
43.945,-0.036
43.950,-0.040
43.955,-0.043
43.960,-0.040
43.965,-0.039
43.970,-0.041
43.975,-0.041
43.980,-0.042
43.985,-0.043
43.990,-0.045
43.995,-0.045
44.000,-0.044
44.005,-0.043
44.010,-0.045
44.015,-0.044
44.020,-0.042
44.025,-0.040
44.030,-0.036
44.035,-0.039
44.040,-0.044
44.045,-0.045
44.050,-0.046
44.055,-0.046
44.060,-0.045
44.065,-0.044
44.070,-0.043
44.075,-0.046
44.080,-0.047
44.085,-0.042
44.090,-0.036
44.095,-0.032
44.100,-0.034
44.105,-0.036
44.110,-0.038
44.115,-0.039
44.120,-0.036
44.125,-0.036
44.130,-0.047
44.135,-0.066
44.140,-0.079
44.145,-0.079
44.150,-0.074
44.155,-0.073
44.160,-0.084
44.165,-0.100
44.170,-0.107
44.175,-0.102
44.180,-0.088
44.185,-0.079
44.190,-0.073
44.195,-0.065
44.200,-0.046
44.205,-0.019
44.210,-0.001
44.215,0.014
44.220,0.026
44.225,0.034
44.230,0.040
44.235,0.041
44.240,0.040
44.245,0.042
44.250,0.040
44.255,0.035
44.260,0.032
44.265,0.033
44.270,0.030
44.275,0.029
44.280,0.049
44.285,0.099
44.290,0.148
44.295,0.127
44.300,-0.039
44.305,-0.390
44.310,-0.856
44.315,-1.290
44.320,-1.519
44.325,-1.296
44.330,-0.698
44.335,-0.101
44.340,0.308
44.345,0.438
44.350,0.405
44.355,0.370
44.360,0.302
44.365,0.254
44.370,0.259
44.375,0.259
44.380,0.256
44.385,0.264
44.390,0.255
44.395,0.239
44.400,0.233
44.405,0.225
44.410,0.213
44.415,0.204
44.420,0.196
44.425,0.184
44.430,0.169
44.435,0.159
44.440,0.149
44.445,0.138
44.450,0.132
44.455,0.126
44.460,0.117
44.465,0.107
44.470,0.094
44.475,0.081
44.480,0.072
44.485,0.063
44.490,0.055
44.495,0.045
44.500,0.035
44.505,0.026
44.510,0.019
44.515,0.013
44.520,0.000
44.525,-0.013
44.530,-0.022
44.535,-0.034
44.540,-0.045
44.545,-0.055
44.550,-0.067
44.555,-0.075
44.560,-0.085
44.565,-0.096
44.570,-0.106
44.575,-0.120
44.580,-0.132
44.585,-0.140
44.590,-0.146
44.595,-0.148
44.600,-0.149
44.605,-0.149
44.610,-0.149
44.615,-0.146
44.620,-0.134
44.625,-0.113
44.630,-0.087
44.635,-0.059
44.640,-0.027
44.645,0.007
44.650,0.045
44.655,0.080
44.660,0.110
44.665,0.136
44.670,0.158
44.675,0.175
44.680,0.188
44.685,0.197
44.690,0.204
44.695,0.207
44.700,0.206
44.705,0.203
44.710,0.197
44.715,0.192
44.720,0.185
44.725,0.176
44.730,0.168
44.735,0.156
44.740,0.144
44.745,0.137
44.750,0.129
44.755,0.122
44.760,0.115
44.765,0.105
44.770,0.095
44.775,0.087
44.780,0.081
44.785,0.077
44.790,0.069
44.795,0.061
44.800,0.054
44.805,0.049
44.810,0.042
44.815,0.034
44.820,0.030
44.825,0.029
44.830,0.027
44.835,0.023
44.840,0.016
44.845,0.010
44.850,0.009
44.855,0.012
44.860,0.013
44.865,0.010
44.870,0.005
44.875,0.000
44.880,-0.001
44.885,0.000
44.890,-0.002
44.895,-0.004
44.900,-0.004
44.905,-0.004
44.910,-0.006
44.915,-0.008
44.920,-0.008
44.925,-0.011
44.930,-0.014
44.935,-0.015
44.940,-0.015
44.945,-0.016
44.950,-0.017
44.955,-0.021
44.960,-0.021
44.965,-0.021
44.970,-0.024
44.975,-0.025
44.980,-0.024
44.985,-0.024
44.990,-0.024
44.995,-0.026
45.000,-0.030
45.005,-0.033
45.010,-0.031
45.015,-0.030
45.020,-0.030
45.025,-0.032
45.030,-0.035
45.035,-0.038
45.040,-0.040
45.045,-0.042
45.050,-0.042
45.055,-0.041
45.060,-0.041
45.065,-0.040
45.070,-0.040
45.075,-0.041
45.080,-0.041
45.085,-0.042
45.090,-0.043
45.095,-0.044
45.100,-0.045
45.105,-0.041
45.110,-0.039
45.115,-0.041
45.120,-0.042
45.125,-0.044
45.130,-0.044
45.135,-0.044
45.140,-0.043
45.145,-0.040
45.150,-0.039
45.155,-0.041
45.160,-0.041
45.165,-0.042
45.170,-0.045
45.175,-0.044
45.180,-0.041
45.185,-0.038
45.190,-0.035
45.195,-0.035
45.200,-0.038
45.205,-0.039
45.210,-0.039
45.215,-0.037
45.220,-0.034
45.225,-0.037
45.230,-0.045
45.235,-0.061
45.240,-0.075
45.245,-0.077
45.250,-0.073
45.255,-0.073
45.260,-0.084
45.265,-0.100
45.270,-0.107
45.275,-0.102
45.280,-0.090
45.285,-0.079
45.290,-0.069
45.295,-0.059
45.300,-0.044
45.305,-0.022
45.310,-0.002
45.315,0.013
45.320,0.028
45.325,0.037
45.330,0.042
45.335,0.045
45.340,0.043
45.345,0.042
45.350,0.040
45.355,0.037
45.360,0.036
45.365,0.035
45.370,0.029
45.375,0.026
45.380,0.042
45.385,0.086
45.390,0.132
45.395,0.124
45.400,-0.008
45.405,-0.315
45.410,-0.758
45.415,-1.211
45.420,-1.519
45.425,-1.416
45.430,-0.887
45.435,-0.278
45.440,0.193
45.445,0.406
45.450,0.410
45.455,0.381
45.460,0.322
45.465,0.270
45.470,0.274
45.475,0.277
45.480,0.271
45.485,0.280
45.490,0.275
45.495,0.255
45.500,0.248
45.505,0.243
45.510,0.229
45.515,0.220
45.520,0.212
45.525,0.198
45.530,0.183
45.535,0.175
45.540,0.168
45.545,0.157
45.550,0.147
45.555,0.136
45.560,0.124
45.565,0.113
45.570,0.105
45.575,0.095
45.580,0.083
45.585,0.075
45.590,0.065
45.595,0.052
45.600,0.043
45.605,0.036
45.610,0.029
45.615,0.017
45.620,0.005
45.625,-0.004
45.630,-0.013
45.635,-0.024
45.640,-0.035
45.645,-0.049
45.650,-0.063
45.655,-0.073
45.660,-0.082
45.665,-0.094
45.670,-0.108
45.675,-0.121
45.680,-0.129
45.685,-0.137
45.690,-0.144
45.695,-0.148
45.700,-0.151
45.705,-0.154
45.710,-0.155
45.715,-0.151
45.720,-0.141
45.725,-0.123
45.730,-0.096
45.735,-0.065
45.740,-0.035
45.745,-0.002
45.750,0.032
45.755,0.066
45.760,0.098
45.765,0.125
45.770,0.150
45.775,0.169
45.780,0.183
45.785,0.196
45.790,0.201
45.795,0.198
45.800,0.197
45.805,0.194
45.810,0.190
45.815,0.183
45.820,0.175
45.825,0.169
45.830,0.163
45.835,0.154
45.840,0.144
45.845,0.136
45.850,0.127
45.855,0.120
45.860,0.112
45.865,0.104
45.870,0.097
45.875,0.090
45.880,0.081
45.885,0.071
45.890,0.062
45.895,0.056
45.900,0.050
45.905,0.044
45.910,0.038
45.915,0.035
45.920,0.031
45.925,0.026
45.930,0.021
45.935,0.017
45.940,0.014
45.945,0.010
45.950,0.006
45.955,0.004
45.960,0.002
45.965,0.000
45.970,-0.001
45.975,0.001
45.980,0.000
45.985,-0.003
45.990,-0.006
45.995,-0.008
46.000,-0.009
46.005,-0.011
46.010,-0.013
46.015,-0.014
46.020,-0.013
46.025,-0.013
46.030,-0.018
46.035,-0.020
46.040,-0.021
46.045,-0.021
46.050,-0.021
46.055,-0.025
46.060,-0.025
46.065,-0.022
46.070,-0.023
46.075,-0.025
46.080,-0.025
46.085,-0.027
46.090,-0.030
46.095,-0.031
46.100,-0.033
46.105,-0.035
46.110,-0.037
46.115,-0.038
46.120,-0.038
46.125,-0.040
46.130,-0.042
46.135,-0.041
46.140,-0.039
46.145,-0.037
46.150,-0.038
46.155,-0.041
46.160,-0.042
46.165,-0.042
46.170,-0.041
46.175,-0.040
46.180,-0.041
46.185,-0.041
46.190,-0.042
46.195,-0.043
46.200,-0.043
46.205,-0.045
46.210,-0.045
46.215,-0.045
46.220,-0.044
46.225,-0.042
46.230,-0.042
46.235,-0.041
46.240,-0.042
46.245,-0.043
46.250,-0.044
46.255,-0.044
46.260,-0.042
46.265,-0.041
46.270,-0.041
46.275,-0.041
46.280,-0.039
46.285,-0.038
46.290,-0.039
46.295,-0.039
46.300,-0.038
46.305,-0.038
46.310,-0.037
46.315,-0.037
46.320,-0.036
46.325,-0.035
46.330,-0.034
46.335,-0.032
46.340,-0.028
46.345,-0.028
46.350,-0.029
46.355,-0.030
46.360,-0.031
46.365,-0.033
46.370,-0.036
46.375,-0.047
46.380,-0.065
46.385,-0.072
46.390,-0.067
46.395,-0.064
46.400,-0.068
46.405,-0.080
46.410,-0.090
46.415,-0.091
46.420,-0.084
46.425,-0.074
46.430,-0.063
46.435,-0.052
46.440,-0.040
46.445,-0.020
46.450,0.004
46.455,0.018
46.460,0.030
46.465,0.040
46.470,0.048
46.475,0.053
46.480,0.052
46.485,0.049
46.490,0.046
46.495,0.044
46.500,0.041
46.505,0.039
46.510,0.037
46.515,0.033
46.520,0.039
46.525,0.073
46.530,0.123
46.535,0.144
46.540,0.077
46.545,-0.149
46.550,-0.540
46.555,-0.997
46.560,-1.389
46.565,-1.491
46.570,-1.127
46.575,-0.533
46.580,-0.008
46.585,0.323
46.590,0.405
46.595,0.386
46.600,0.350
46.605,0.284
46.610,0.271
46.615,0.285
46.620,0.277
46.625,0.279
46.630,0.285
46.635,0.269
46.640,0.255
46.645,0.253
46.650,0.244
46.655,0.227
46.660,0.215
46.665,0.205
46.670,0.192
46.675,0.184
46.680,0.175
46.685,0.162
46.690,0.153
46.695,0.144
46.700,0.132
46.705,0.121
46.710,0.113
46.715,0.104
46.720,0.092
46.725,0.081
46.730,0.072
46.735,0.064
46.740,0.055
46.745,0.046
46.750,0.036
46.755,0.026
46.760,0.016
46.765,0.005
46.770,-0.005
46.775,-0.016
46.780,-0.030
46.785,-0.042
46.790,-0.054
46.795,-0.064
46.800,-0.074
46.805,-0.087
46.810,-0.099
46.815,-0.109
46.820,-0.119
46.825,-0.127
46.830,-0.134
46.835,-0.141
46.840,-0.145
46.845,-0.147
46.850,-0.149
46.855,-0.149
46.860,-0.142
46.865,-0.127
46.870,-0.106
46.875,-0.082
46.880,-0.055
46.885,-0.023
46.890,0.009
46.895,0.043
46.900,0.075
46.905,0.104
46.910,0.130
46.915,0.151
46.920,0.167
46.925,0.180
46.930,0.187
46.935,0.191
46.940,0.193
46.945,0.192
46.950,0.188
46.955,0.184
46.960,0.176
46.965,0.169
46.970,0.162
46.975,0.152
46.980,0.144
46.985,0.136
46.990,0.128
46.995,0.121
47.000,0.113
47.005,0.104
47.010,0.094
47.015,0.085
47.020,0.078
47.025,0.072
47.030,0.065
47.035,0.059
47.040,0.053
47.045,0.046
47.050,0.041
47.055,0.037
47.060,0.032
47.065,0.028
47.070,0.023
47.075,0.017
47.080,0.014
47.085,0.012
47.090,0.010
47.095,0.006
47.100,0.002
47.105,0.001
47.110,0.001
47.115,0.001
47.120,0.000
47.125,-0.002
47.130,-0.003
47.135,-0.003
47.140,-0.004
47.145,-0.007
47.150,-0.011
47.155,-0.012
47.160,-0.012
47.165,-0.014
47.170,-0.016
47.175,-0.015
47.180,-0.016
47.185,-0.020
47.190,-0.022
47.195,-0.023
47.200,-0.022
47.205,-0.022
47.210,-0.024
47.215,-0.025
47.220,-0.027
47.225,-0.029
47.230,-0.029
47.235,-0.030
47.240,-0.032
47.245,-0.032
47.250,-0.032
47.255,-0.035
47.260,-0.036
47.265,-0.035
47.270,-0.034
47.275,-0.035
47.280,-0.038
47.285,-0.039
47.290,-0.038
47.295,-0.040
47.300,-0.041
47.305,-0.040
47.310,-0.042
47.315,-0.043
47.320,-0.042
47.325,-0.041
47.330,-0.041
47.335,-0.041
47.340,-0.041
47.345,-0.042
47.350,-0.042
47.355,-0.043
47.360,-0.043
47.365,-0.042
47.370,-0.043
47.375,-0.042
47.380,-0.040
47.385,-0.040
47.390,-0.040
47.395,-0.040
47.400,-0.040
47.405,-0.040
47.410,-0.041
47.415,-0.040
47.420,-0.039
47.425,-0.038
47.430,-0.036
47.435,-0.036
47.440,-0.036
47.445,-0.035
47.450,-0.034
47.455,-0.034
47.460,-0.033
47.465,-0.032
47.470,-0.032
47.475,-0.033
47.480,-0.033
47.485,-0.033
47.490,-0.030
47.495,-0.027
47.500,-0.027
47.505,-0.028
47.510,-0.028
47.515,-0.028
47.520,-0.027
47.525,-0.032
47.530,-0.048
47.535,-0.062
47.540,-0.068
47.545,-0.065
47.550,-0.061
47.555,-0.069
47.560,-0.083
47.565,-0.092
47.570,-0.091
47.575,-0.080
47.580,-0.066
47.585,-0.056
47.590,-0.046
47.595,-0.033
47.600,-0.012
47.605,0.009
47.610,0.023
47.615,0.035
47.620,0.044
47.625,0.050
47.630,0.054
47.635,0.050
47.640,0.050
47.645,0.052
47.650,0.048
47.655,0.045
47.660,0.043
47.665,0.039
47.670,0.038
47.675,0.045
47.680,0.078
47.685,0.128
47.690,0.145
47.695,0.063
47.700,-0.178
47.705,-0.578
47.710,-1.037
47.715,-1.412
47.720,-1.458
47.725,-1.043
47.730,-0.449
47.735,0.052
47.740,0.345
47.745,0.404
47.750,0.386
47.755,0.341
47.760,0.275
47.765,0.265
47.770,0.279
47.775,0.271
47.780,0.273
47.785,0.277
47.790,0.262
47.795,0.254
47.800,0.253
47.805,0.237
47.810,0.221
47.815,0.211
47.820,0.198
47.825,0.188
47.830,0.183
47.835,0.176
47.840,0.163
47.845,0.149
47.850,0.140
47.855,0.130
47.860,0.119
47.865,0.109
47.870,0.098
47.875,0.090
47.880,0.082
47.885,0.071
47.890,0.061
47.895,0.052
47.900,0.045
47.905,0.037
47.910,0.025
47.915,0.012
47.920,0.002
47.925,-0.004
47.930,-0.012
47.935,-0.024
47.940,-0.041
47.945,-0.053
47.950,-0.061
47.955,-0.074
47.960,-0.089
47.965,-0.099
47.970,-0.107
47.975,-0.117
47.980,-0.123
47.985,-0.127
47.990,-0.132
47.995,-0.137
48.000,-0.142
48.005,-0.142
48.010,-0.139
48.015,-0.134
48.020,-0.121
48.025,-0.103
48.030,-0.080
48.035,-0.052
48.040,-0.023
48.045,0.008
48.050,0.041
48.055,0.073
48.060,0.103
48.065,0.131
48.070,0.154
48.075,0.168
48.080,0.176
48.085,0.182
48.090,0.186
48.095,0.185
48.100,0.182
48.105,0.179
48.110,0.177
48.115,0.173
48.120,0.165
48.125,0.155
48.130,0.147
48.135,0.140
48.140,0.134
48.145,0.129
48.150,0.119
48.155,0.107
48.160,0.095
48.165,0.085
48.170,0.079
48.175,0.074
48.180,0.066
48.185,0.057
48.190,0.052
48.195,0.046
48.200,0.039
48.205,0.038
48.210,0.036
48.215,0.032
48.220,0.025
48.225,0.018
48.230,0.013
48.235,0.009
48.240,0.008
48.245,0.006
48.250,0.002
48.255,0.001
48.260,0.000
48.265,-0.001
48.270,0.000
48.275,-0.001
48.280,-0.002
48.285,-0.003
48.290,-0.003
48.295,-0.003
48.300,-0.004
48.305,-0.009
48.310,-0.012
48.315,-0.011
48.320,-0.013
48.325,-0.016
48.330,-0.018
48.335,-0.021
48.340,-0.021
48.345,-0.019
48.350,-0.021
48.355,-0.024
48.360,-0.026
48.365,-0.029
48.370,-0.028
48.375,-0.025
48.380,-0.024
48.385,-0.026
48.390,-0.029
48.395,-0.030
48.400,-0.031
48.405,-0.032
48.410,-0.034
48.415,-0.034
48.420,-0.031
48.425,-0.033
48.430,-0.038
48.435,-0.042
48.440,-0.042
48.445,-0.041
48.450,-0.041
48.455,-0.040
48.460,-0.040
48.465,-0.042
48.470,-0.042
48.475,-0.042
48.480,-0.041
48.485,-0.041
48.490,-0.045
48.495,-0.046
48.500,-0.044
48.505,-0.044
48.510,-0.043
48.515,-0.041
48.520,-0.042
48.525,-0.043
48.530,-0.042
48.535,-0.041
48.540,-0.040
48.545,-0.039
48.550,-0.037
48.555,-0.039
48.560,-0.040
48.565,-0.040
48.570,-0.039
48.575,-0.036
48.580,-0.037
48.585,-0.039
48.590,-0.039
48.595,-0.040
48.600,-0.040
48.605,-0.038
48.610,-0.036
48.615,-0.034
48.620,-0.031
48.625,-0.026
48.630,-0.026
48.635,-0.030
48.640,-0.035
48.645,-0.036
48.650,-0.034
48.655,-0.044
48.660,-0.063
48.665,-0.070
48.670,-0.068
48.675,-0.066
48.680,-0.073
48.685,-0.085
48.690,-0.093
48.695,-0.094
48.700,-0.089
48.705,-0.081
48.710,-0.074
48.715,-0.066
48.720,-0.055
48.725,-0.031
48.730,-0.007
48.735,0.010
48.740,0.026
48.745,0.040
48.750,0.047
48.755,0.051
48.760,0.047
48.765,0.042
48.770,0.041
48.775,0.043
48.780,0.044
48.785,0.045
48.790,0.043
48.795,0.035
48.800,0.037
48.805,0.063
48.810,0.112
48.815,0.146
48.820,0.100
48.825,-0.101
48.830,-0.475
48.835,-0.930
48.840,-1.335
48.845,-1.488
48.850,-1.170
48.855,-0.564
48.860,-0.011
48.865,0.346
48.870,0.435
48.875,0.404
48.880,0.366
48.885,0.290
48.890,0.254
48.895,0.266
48.900,0.261
48.905,0.258
48.910,0.263
48.915,0.248
48.920,0.232
48.925,0.231
48.930,0.224
48.935,0.209
48.940,0.203
48.945,0.194
48.950,0.179
48.955,0.168
48.960,0.160
48.965,0.148
48.970,0.136
48.975,0.127
48.980,0.117
48.985,0.109
48.990,0.102
48.995,0.092
49.000,0.084
49.005,0.076
49.010,0.064
49.015,0.052
49.020,0.042
49.025,0.033
49.030,0.026
49.035,0.018
49.040,0.012
49.045,0.006
49.050,-0.006
49.055,-0.021
49.060,-0.035
49.065,-0.046
49.070,-0.057
49.075,-0.069
49.080,-0.081
49.085,-0.091
49.090,-0.101
49.095,-0.109
49.100,-0.116
49.105,-0.125
49.110,-0.134
49.115,-0.139
49.120,-0.142
49.125,-0.146
49.130,-0.150
49.135,-0.152
49.140,-0.145
49.145,-0.129
49.150,-0.109
49.155,-0.086
49.160,-0.058
49.165,-0.029
49.170,0.002
49.175,0.037
49.180,0.071
49.185,0.101
49.190,0.127
49.195,0.148
49.200,0.167
49.205,0.181
49.210,0.191
49.215,0.195
49.220,0.196
49.225,0.194
49.230,0.190
49.235,0.187
49.240,0.180
49.245,0.174
49.250,0.167
49.255,0.158
49.260,0.150
49.265,0.144
49.270,0.136
49.275,0.126
49.280,0.114
49.285,0.101
49.290,0.093
49.295,0.090
49.300,0.085
49.305,0.079
49.310,0.068
49.315,0.057
49.320,0.054
49.325,0.053
49.330,0.048
49.335,0.042
49.340,0.036
49.345,0.030
49.350,0.023
49.355,0.022
49.360,0.025
49.365,0.023
49.370,0.017
49.375,0.011
49.380,0.009
49.385,0.009
49.390,0.009
49.395,0.009
49.400,0.010
49.405,0.007
49.410,0.001
49.415,-0.004
49.420,-0.004
49.425,-0.007
49.430,-0.009
49.435,-0.004
49.440,0.001
49.445,-0.002
49.450,-0.011
49.455,-0.015
49.460,-0.010
49.465,-0.008
49.470,-0.014
49.475,-0.019
49.480,-0.018
49.485,-0.019
49.490,-0.024
49.495,-0.026
49.500,-0.027
49.505,-0.030
49.510,-0.028
49.515,-0.024
49.520,-0.025
49.525,-0.030
49.530,-0.035
49.535,-0.036
49.540,-0.034
49.545,-0.032
49.550,-0.032
49.555,-0.033
49.560,-0.035
49.565,-0.036
49.570,-0.037
49.575,-0.039
49.580,-0.041
49.585,-0.041
49.590,-0.040
49.595,-0.040
49.600,-0.040
49.605,-0.043
49.610,-0.046
49.615,-0.045
49.620,-0.044
49.625,-0.042
49.630,-0.039
49.635,-0.037
49.640,-0.038
49.645,-0.041
49.650,-0.044
49.655,-0.046
49.660,-0.046
49.665,-0.045
49.670,-0.041
49.675,-0.037
49.680,-0.039
49.685,-0.040
49.690,-0.040
49.695,-0.040
49.700,-0.040
49.705,-0.035
49.710,-0.035
49.715,-0.039
49.720,-0.041
49.725,-0.039
49.730,-0.034
49.735,-0.031
49.740,-0.033
49.745,-0.036
49.750,-0.036
49.755,-0.037
49.760,-0.038
49.765,-0.037
49.770,-0.038
49.775,-0.050
49.780,-0.067
49.785,-0.074
49.790,-0.070
49.795,-0.068
49.800,-0.076
49.805,-0.089
49.810,-0.099
49.815,-0.097
49.820,-0.088
49.825,-0.078
49.830,-0.071
49.835,-0.066
49.840,-0.055
49.845,-0.026
49.850,0.001
49.855,0.016
49.860,0.030
49.865,0.040
49.870,0.046
49.875,0.048
49.880,0.046
49.885,0.043
49.890,0.042
49.895,0.037
49.900,0.033
49.905,0.036
49.910,0.038
49.915,0.036
49.920,0.045
49.925,0.080
49.930,0.131
49.935,0.144
49.940,0.042
49.945,-0.242
49.950,-0.683
49.955,-1.143
49.960,-1.474
49.965,-1.434
49.970,-0.934
49.975,-0.300
49.980,0.194
49.985,0.428
49.990,0.428
49.995,0.390
50.000,0.337
50.005,0.270
50.010,0.258
50.015,0.265
50.020,0.258
50.025,0.261
50.030,0.262
50.035,0.248
50.040,0.239
50.045,0.231
50.050,0.216
50.055,0.203
50.060,0.196
50.065,0.185
50.070,0.172
50.075,0.164
50.080,0.156
50.085,0.144
50.090,0.131
50.095,0.123
50.100,0.114
50.105,0.103
50.110,0.094
50.115,0.085
50.120,0.075
50.125,0.067
50.130,0.060
50.135,0.051
50.140,0.042
50.145,0.031
50.150,0.019
50.155,0.014
50.160,0.006
50.165,-0.006
50.170,-0.017
50.175,-0.027
50.180,-0.039
50.185,-0.050
50.190,-0.061
50.195,-0.074
50.200,-0.086
50.205,-0.098
50.210,-0.106
50.215,-0.115
50.220,-0.126
50.225,-0.134
50.230,-0.139
50.235,-0.141
50.240,-0.144
50.245,-0.147
50.250,-0.147
50.255,-0.146
50.260,-0.138
50.265,-0.123
50.270,-0.101
50.275,-0.076
50.280,-0.044
50.285,-0.008
50.290,0.031
50.295,0.067
50.300,0.097
50.305,0.122
50.310,0.146
50.315,0.167
50.320,0.185
50.325,0.194
50.330,0.197
50.335,0.201
50.340,0.202
50.345,0.201
50.350,0.196
50.355,0.190
50.360,0.183
50.365,0.176
50.370,0.165
50.375,0.155
50.380,0.147
50.385,0.140
50.390,0.134
50.395,0.125
50.400,0.115
50.405,0.106
50.410,0.098
50.415,0.091
50.420,0.081
50.425,0.074
50.430,0.068
50.435,0.060
50.440,0.052
50.445,0.047
50.450,0.042
50.455,0.037
50.460,0.030
50.465,0.026
50.470,0.023
50.475,0.018
50.480,0.014
50.485,0.013
50.490,0.014
50.495,0.014
50.500,0.010
50.505,0.004
50.510,0.002
50.515,0.003
50.520,0.002
50.525,-0.001
50.530,-0.003
50.535,-0.002
50.540,-0.004
50.545,-0.009
50.550,-0.011
50.555,-0.010
50.560,-0.010
50.565,-0.010
50.570,-0.011
50.575,-0.012
50.580,-0.014
50.585,-0.017
50.590,-0.018
50.595,-0.020
50.600,-0.024
50.605,-0.026
50.610,-0.025
50.615,-0.026
50.620,-0.029
50.625,-0.029
50.630,-0.030
50.635,-0.031
50.640,-0.034
50.645,-0.036
50.650,-0.035
50.655,-0.036
50.660,-0.038
50.665,-0.038
50.670,-0.037
50.675,-0.039
50.680,-0.038
50.685,-0.037
50.690,-0.039
50.695,-0.041
50.700,-0.045
50.705,-0.046
50.710,-0.043
50.715,-0.042
50.720,-0.043
50.725,-0.043
50.730,-0.044
50.735,-0.045
50.740,-0.045
50.745,-0.044
50.750,-0.041
50.755,-0.040
50.760,-0.043
50.765,-0.044
50.770,-0.042
50.775,-0.043
50.780,-0.045
50.785,-0.045
50.790,-0.041
50.795,-0.038
50.800,-0.039
50.805,-0.041
50.810,-0.042
50.815,-0.041
50.820,-0.039
50.825,-0.037
50.830,-0.035
50.835,-0.037
50.840,-0.038
50.845,-0.039
50.850,-0.039
50.855,-0.038
50.860,-0.037
50.865,-0.035
50.870,-0.034
50.875,-0.035
50.880,-0.038
50.885,-0.045
50.890,-0.062
50.895,-0.076
50.900,-0.078
50.905,-0.074
50.910,-0.073
50.915,-0.082
50.920,-0.096
50.925,-0.101
50.930,-0.094
50.935,-0.082
50.940,-0.071
50.945,-0.064
50.950,-0.057
50.955,-0.041
50.960,-0.016
50.965,0.005
50.970,0.019
50.975,0.031
50.980,0.037
50.985,0.044
50.990,0.047
50.995,0.044
51.000,0.044
51.005,0.042
51.010,0.039
51.015,0.037
51.020,0.035
51.025,0.032
51.030,0.032
51.035,0.053
51.040,0.099
51.045,0.137
51.050,0.110
51.055,-0.060
51.060,-0.407
51.065,-0.861
51.070,-1.299
51.075,-1.537
51.080,-1.325
51.085,-0.750
51.090,-0.161
51.095,0.263
51.100,0.417
51.105,0.404
51.110,0.374
51.115,0.309
51.120,0.269
51.125,0.282
51.130,0.281
51.135,0.277
51.140,0.286
51.145,0.278
51.150,0.260
51.155,0.253
51.160,0.244
51.165,0.228
51.170,0.221
51.175,0.213
51.180,0.198
51.185,0.187
51.190,0.178
51.195,0.166
51.200,0.156
51.205,0.148
51.210,0.137
51.215,0.124
51.220,0.114
51.225,0.106
51.230,0.096
51.235,0.087
51.240,0.076
51.245,0.065
51.250,0.055
51.255,0.046
51.260,0.038
51.265,0.028
51.270,0.016
51.275,0.006
51.280,-0.004
51.285,-0.015
51.290,-0.025
51.295,-0.036
51.300,-0.048
51.305,-0.060
51.310,-0.073
51.315,-0.086
51.320,-0.097
51.325,-0.109
51.330,-0.119
51.335,-0.126
51.340,-0.134
51.345,-0.141
51.350,-0.147
51.355,-0.152
51.360,-0.154
51.365,-0.153
51.370,-0.146
51.375,-0.133
51.380,-0.115
51.385,-0.092
51.390,-0.065
51.395,-0.034
51.400,0.001
51.405,0.036
51.410,0.070
51.415,0.102
51.420,0.129
51.425,0.151
51.430,0.168
51.435,0.182
51.440,0.192
51.445,0.196
51.450,0.197
51.455,0.195
51.460,0.191
51.465,0.187
51.470,0.181
51.475,0.173
51.480,0.167
51.485,0.159
51.490,0.150
51.495,0.141
51.500,0.132
51.505,0.124
51.510,0.115
51.515,0.107
51.520,0.098
51.525,0.088
51.530,0.078
51.535,0.071
51.540,0.068
51.545,0.061
51.550,0.052
51.555,0.045
51.560,0.040
51.565,0.036
51.570,0.030
51.575,0.025
51.580,0.022
51.585,0.018
51.590,0.015
51.595,0.011
51.600,0.006
51.605,0.002
51.610,0.000
51.615,-0.003
51.620,-0.005
51.625,-0.006
51.630,-0.007
51.635,-0.007
51.640,-0.008
51.645,-0.009
51.650,-0.010
51.655,-0.011
51.660,-0.009
51.665,-0.009
51.670,-0.013
51.675,-0.015
51.680,-0.017
51.685,-0.018
51.690,-0.021
51.695,-0.024
51.700,-0.024
51.705,-0.023
51.710,-0.023
51.715,-0.024
51.720,-0.025
51.725,-0.025
51.730,-0.028
51.735,-0.030
51.740,-0.031
51.745,-0.033
51.750,-0.032
51.755,-0.033
51.760,-0.033
51.765,-0.033
51.770,-0.034
51.775,-0.036
51.780,-0.037
51.785,-0.040
51.790,-0.040
51.795,-0.039
51.800,-0.040
51.805,-0.040
51.810,-0.041
51.815,-0.044
51.820,-0.043
51.825,-0.043
51.830,-0.043
51.835,-0.042
51.840,-0.040
51.845,-0.039
51.850,-0.040
51.855,-0.040
51.860,-0.041
51.865,-0.041
51.870,-0.042
51.875,-0.042
51.880,-0.040
51.885,-0.041
51.890,-0.041
51.895,-0.040
51.900,-0.042
51.905,-0.042
51.910,-0.042
51.915,-0.041
51.920,-0.039
51.925,-0.038
51.930,-0.038
51.935,-0.036
51.940,-0.036
51.945,-0.037
51.950,-0.036
51.955,-0.034
51.960,-0.035
51.965,-0.034
51.970,-0.033
51.975,-0.032
51.980,-0.031
51.985,-0.030
51.990,-0.030
51.995,-0.029
52.000,-0.029
52.005,-0.030
52.010,-0.032
52.015,-0.034
52.020,-0.037
52.025,-0.050
52.030,-0.064
52.035,-0.070
52.040,-0.066
52.045,-0.061
52.050,-0.070
52.055,-0.086
52.060,-0.094
52.065,-0.095
52.070,-0.086
52.075,-0.071
52.080,-0.059
52.085,-0.049
52.090,-0.038
52.095,-0.017
52.100,0.005
52.105,0.019
52.110,0.029
52.115,0.040
52.120,0.050
52.125,0.056
52.130,0.053
52.135,0.051
52.140,0.048
52.145,0.044
52.150,0.042
52.155,0.040
52.160,0.037
52.165,0.035
52.170,0.041
52.175,0.072
52.180,0.122
52.185,0.144
52.190,0.078
52.195,-0.143
52.200,-0.530
52.205,-0.989
52.210,-1.385
52.215,-1.490
52.220,-1.123
52.225,-0.526
52.230,-0.003
52.235,0.324
52.240,0.404
52.245,0.386
52.250,0.348
52.255,0.282
52.260,0.267
52.265,0.282
52.270,0.276
52.275,0.279
52.280,0.284
52.285,0.269
52.290,0.256
52.295,0.252
52.300,0.241
52.305,0.225
52.310,0.217
52.315,0.208
52.320,0.192
52.325,0.182
52.330,0.174
52.335,0.161
52.340,0.150
52.345,0.144
52.350,0.133
52.355,0.120
52.360,0.111
52.365,0.103
52.370,0.093
52.375,0.083
52.380,0.075
52.385,0.066
52.390,0.056
52.395,0.044
52.400,0.034
52.405,0.025
52.410,0.015
52.415,0.007
52.420,-0.003
52.425,-0.015
52.430,-0.028
52.435,-0.039
52.440,-0.048
52.445,-0.060
52.450,-0.075
52.455,-0.088
52.460,-0.100
52.465,-0.108
52.470,-0.115
52.475,-0.121
52.480,-0.127
52.485,-0.134
52.490,-0.142
52.495,-0.146
52.500,-0.147
52.505,-0.146
52.510,-0.139
52.515,-0.126
52.520,-0.105
52.525,-0.080
52.530,-0.053
52.535,-0.023
52.540,0.011
52.545,0.045
52.550,0.075
52.555,0.102
52.560,0.129
52.565,0.153
52.570,0.169
52.575,0.179
52.580,0.187
52.585,0.193
52.590,0.194
52.595,0.190
52.600,0.186
52.605,0.180
52.610,0.173
52.615,0.166
52.620,0.157
52.625,0.149
52.630,0.139
52.635,0.133
52.640,0.126
52.645,0.119
52.650,0.111
52.655,0.102
52.660,0.095
52.665,0.085
52.670,0.076
52.675,0.070
52.680,0.063
52.685,0.054
52.690,0.047
52.695,0.042
52.700,0.038
52.705,0.034
52.710,0.030
52.715,0.025
52.720,0.020
52.725,0.016
52.730,0.012
52.735,0.008
52.740,0.006
52.745,0.003
52.750,-0.001
52.755,-0.002
52.760,-0.002
52.765,-0.001
52.770,-0.002
52.775,-0.006
52.780,-0.008
52.785,-0.008
52.790,-0.009
52.795,-0.009
52.800,-0.009
52.805,-0.012
52.810,-0.015
52.815,-0.015
52.820,-0.016
52.825,-0.017
52.830,-0.017
52.835,-0.017
52.840,-0.020
52.845,-0.022
52.850,-0.024
52.855,-0.023
52.860,-0.022
52.865,-0.024
52.870,-0.027
52.875,-0.030
52.880,-0.032
52.885,-0.031
52.890,-0.032
52.895,-0.033
52.900,-0.034
52.905,-0.034
52.910,-0.036
52.915,-0.037
52.920,-0.038
52.925,-0.039
52.930,-0.039
52.935,-0.038
52.940,-0.037
52.945,-0.038
52.950,-0.040
52.955,-0.042
52.960,-0.041
52.965,-0.040
52.970,-0.041
52.975,-0.039
52.980,-0.038
52.985,-0.039
52.990,-0.039
52.995,-0.040
53.000,-0.039
53.005,-0.039
53.010,-0.039
53.015,-0.041
53.020,-0.043
53.025,-0.044
53.030,-0.042
53.035,-0.039
53.040,-0.038
53.045,-0.039
53.050,-0.040
53.055,-0.040
53.060,-0.038
53.065,-0.038
53.070,-0.036
53.075,-0.036
53.080,-0.038
53.085,-0.039
53.090,-0.036
53.095,-0.033
53.100,-0.032
53.105,-0.033
53.110,-0.034
53.115,-0.032
53.120,-0.031
53.125,-0.031
53.130,-0.031
53.135,-0.029
53.140,-0.029
53.145,-0.027
53.150,-0.024
53.155,-0.026
53.160,-0.028
53.165,-0.030
53.170,-0.039
53.175,-0.055
53.180,-0.066
53.185,-0.067
53.190,-0.062
53.195,-0.061
53.200,-0.071
53.205,-0.085
53.210,-0.091
53.215,-0.089
53.220,-0.078
53.225,-0.067
53.230,-0.057
53.235,-0.046
53.240,-0.030
53.245,-0.006
53.250,0.013
53.255,0.028
53.260,0.039
53.265,0.045
53.270,0.052
53.275,0.054
53.280,0.051
53.285,0.048
53.290,0.045
53.295,0.043
53.300,0.043
53.305,0.041
53.310,0.037
53.315,0.035
53.320,0.047
53.325,0.089
53.330,0.138
53.335,0.132
53.340,0.005
53.345,-0.293
53.350,-0.723
53.355,-1.166
53.360,-1.468
53.365,-1.363
53.370,-0.848
53.375,-0.271
53.380,0.173
53.385,0.384
53.390,0.400
53.395,0.378
53.400,0.316
53.405,0.261
53.410,0.269
53.415,0.276
53.420,0.269
53.425,0.276
53.430,0.271
53.435,0.253
53.440,0.249
53.445,0.245
53.450,0.228
53.455,0.215
53.460,0.209
53.465,0.199
53.470,0.187
53.475,0.177
53.480,0.165
53.485,0.155
53.490,0.147
53.495,0.136
53.500,0.124
53.505,0.115
53.510,0.106
53.515,0.095
53.520,0.085
53.525,0.076
53.530,0.068
53.535,0.058
53.540,0.049
53.545,0.041
53.550,0.030
53.555,0.018
53.560,0.010
53.565,0.001
53.570,-0.011
53.575,-0.024
53.580,-0.035
53.585,-0.046
53.590,-0.055
53.595,-0.065
53.600,-0.076
53.605,-0.089
53.610,-0.100
53.615,-0.107
53.620,-0.114
53.625,-0.124
53.630,-0.132
53.635,-0.138
53.640,-0.143
53.645,-0.146
53.650,-0.147
53.655,-0.142
53.660,-0.133
53.665,-0.118
53.670,-0.097
53.675,-0.071
53.680,-0.042
53.685,-0.012
53.690,0.023
53.695,0.057
53.700,0.086
53.705,0.111
53.710,0.131
53.715,0.148
53.720,0.165
53.725,0.177
53.730,0.185
53.735,0.188
53.740,0.189
53.745,0.186
53.750,0.180
53.755,0.175
53.760,0.168
53.765,0.160
53.770,0.153
53.775,0.146
53.780,0.140
53.785,0.132
53.790,0.121
53.795,0.111
53.800,0.101
53.805,0.094
53.810,0.087
53.815,0.080
53.820,0.070
53.825,0.061
53.830,0.054
53.835,0.049
53.840,0.045
53.845,0.039
53.850,0.035
53.855,0.031
53.860,0.026
53.865,0.024
53.870,0.021
53.875,0.015
53.880,0.009
53.885,0.005
53.890,0.002
53.895,0.002
53.900,0.003
53.905,0.002
53.910,0.001
53.915,-0.002
53.920,-0.007
53.925,-0.008
53.930,-0.007
53.935,-0.008
53.940,-0.010
53.945,-0.010
53.950,-0.011
53.955,-0.013
53.960,-0.012
53.965,-0.012
53.970,-0.012
53.975,-0.013
53.980,-0.016
53.985,-0.018
53.990,-0.019
53.995,-0.022
54.000,-0.023
54.005,-0.025
54.010,-0.027
54.015,-0.025
54.020,-0.024
54.025,-0.026
54.030,-0.032
54.035,-0.039
54.040,-0.038
54.045,-0.033
54.050,-0.032
54.055,-0.033
54.060,-0.035
54.065,-0.035
54.070,-0.033
54.075,-0.034
54.080,-0.036
54.085,-0.038
54.090,-0.040
54.095,-0.040
54.100,-0.037
54.105,-0.036
54.110,-0.039
54.115,-0.043
54.120,-0.044
54.125,-0.045
54.130,-0.044
54.135,-0.043
54.140,-0.043
54.145,-0.043
54.150,-0.044
54.155,-0.041
54.160,-0.038
54.165,-0.038
54.170,-0.041
54.175,-0.043
54.180,-0.041
54.185,-0.039
54.190,-0.039
54.195,-0.038
54.200,-0.035
54.205,-0.036
54.210,-0.035
54.215,-0.035
54.220,-0.036
54.225,-0.034
54.230,-0.034
54.235,-0.034
54.240,-0.033
54.245,-0.036
54.250,-0.038
54.255,-0.035
54.260,-0.032
54.265,-0.029
54.270,-0.029
54.275,-0.032
54.280,-0.036
54.285,-0.037
54.290,-0.045
54.295,-0.054
54.300,-0.061
54.305,-0.064
54.310,-0.064
54.315,-0.067
54.320,-0.080
54.325,-0.097
54.330,-0.102
54.335,-0.093
54.340,-0.079
54.345,-0.071
54.350,-0.065
54.355,-0.057
54.360,-0.037
54.365,-0.009
54.370,0.011
54.375,0.029
54.380,0.043
54.385,0.048
54.390,0.050
54.395,0.045
54.400,0.041
54.405,0.043
54.410,0.042
54.415,0.037
54.420,0.036
54.425,0.038
54.430,0.035
54.435,0.034
54.440,0.056
54.445,0.106
54.450,0.148
54.455,0.118
54.460,-0.063
54.465,-0.423
54.470,-0.881
54.475,-1.300
54.480,-1.490
54.485,-1.221
54.490,-0.629
54.495,-0.067
54.500,0.316
54.505,0.432
54.510,0.403
54.515,0.365
54.520,0.289
54.525,0.252
54.530,0.264
54.535,0.259
54.540,0.256
54.545,0.263
54.550,0.251
54.555,0.235
54.560,0.231
54.565,0.223
54.570,0.209
54.575,0.202
54.580,0.197
54.585,0.183
54.590,0.168
54.595,0.157
54.600,0.145
54.605,0.133
54.610,0.125
54.615,0.121
54.620,0.116
54.625,0.108
54.630,0.096
54.635,0.083
54.640,0.069
54.645,0.060
54.650,0.054
54.655,0.048
54.660,0.038
54.665,0.028
54.670,0.019
54.675,0.010
54.680,0.001
54.685,-0.009
54.690,-0.020
54.695,-0.030
54.700,-0.042
54.705,-0.055
54.710,-0.067
54.715,-0.077
54.720,-0.089
54.725,-0.100
54.730,-0.109
54.735,-0.116
54.740,-0.123
54.745,-0.130
54.750,-0.137
54.755,-0.143
54.760,-0.147
54.765,-0.150
54.770,-0.148
54.775,-0.140
54.780,-0.128
54.785,-0.109
54.790,-0.085
54.795,-0.059
54.800,-0.029
54.805,0.005
54.810,0.039
54.815,0.071
54.820,0.102
54.825,0.129
54.830,0.149
54.835,0.164
54.840,0.180
54.845,0.192
54.850,0.199
54.855,0.199
54.860,0.193
54.865,0.189
54.870,0.186
54.875,0.179
54.880,0.172
54.885,0.164
54.890,0.157
54.895,0.150
54.900,0.141
54.905,0.131
54.910,0.124
54.915,0.116
54.920,0.104
54.925,0.095
54.930,0.089
54.935,0.084
54.940,0.075
54.945,0.066
54.950,0.061
54.955,0.058
54.960,0.053
54.965,0.049
54.970,0.044
54.975,0.036
54.980,0.026
54.985,0.020
54.990,0.019
54.995,0.020
55.000,0.017
55.005,0.015
55.010,0.017
55.015,0.015
55.020,0.012
55.025,0.005
55.030,-0.001
55.035,0.001
55.040,0.003
55.045,0.005
55.050,0.003
55.055,-0.003
55.060,-0.004
55.065,-0.003
55.070,0.000
55.075,0.001
55.080,-0.004
55.085,-0.010
55.090,-0.016
55.095,-0.020
55.100,-0.019
55.105,-0.017
55.110,-0.015
55.115,-0.016
55.120,-0.021
55.125,-0.023
55.130,-0.024
55.135,-0.025
55.140,-0.025
55.145,-0.024
55.150,-0.025
55.155,-0.028
55.160,-0.032
55.165,-0.037
55.170,-0.038
55.175,-0.034
55.180,-0.033
55.185,-0.034
55.190,-0.033
55.195,-0.037
55.200,-0.041
55.205,-0.040
55.210,-0.037
55.215,-0.038
55.220,-0.041
55.225,-0.043
55.230,-0.041
55.235,-0.042
55.240,-0.045
55.245,-0.046
55.250,-0.043
55.255,-0.041
55.260,-0.043
55.265,-0.044
55.270,-0.043
55.275,-0.044
55.280,-0.045
55.285,-0.042
55.290,-0.037
55.295,-0.036
55.300,-0.039
55.305,-0.044
55.310,-0.046
55.315,-0.043
55.320,-0.041
55.325,-0.039
55.330,-0.036
55.335,-0.036
55.340,-0.039
55.345,-0.040
55.350,-0.041
55.355,-0.040
55.360,-0.038
55.365,-0.036
55.370,-0.035
55.375,-0.042
55.380,-0.058
55.385,-0.071
55.390,-0.077
55.395,-0.075
55.400,-0.076
55.405,-0.086
55.410,-0.096
55.415,-0.105
55.420,-0.101
55.425,-0.088
55.430,-0.082
55.435,-0.074
55.440,-0.063
55.445,-0.048
55.450,-0.023
55.455,0.000
55.460,0.015
55.465,0.028
55.470,0.034
55.475,0.037
55.480,0.044
55.485,0.047
55.490,0.043
55.495,0.041
55.500,0.039
55.505,0.038
55.510,0.036
55.515,0.025
55.520,0.022
55.525,0.047
55.530,0.097
55.535,0.142
55.540,0.120
55.545,-0.039
55.550,-0.382
55.555,-0.841
55.560,-1.274
55.565,-1.510
55.570,-1.304
55.575,-0.716
55.580,-0.109
55.585,0.313
55.590,0.449
55.595,0.413
55.600,0.373
55.605,0.304
55.610,0.254
55.615,0.258
55.620,0.260
55.625,0.260
55.630,0.266
55.635,0.253
55.640,0.232
55.645,0.225
55.650,0.223
55.655,0.214
55.660,0.203
55.665,0.192
55.670,0.177
55.675,0.162
55.680,0.154
55.685,0.149
55.690,0.142
55.695,0.129
55.700,0.114
55.705,0.105
55.710,0.100
55.715,0.094
55.720,0.083
55.725,0.070
55.730,0.061
55.735,0.051
55.740,0.038
55.745,0.029
55.750,0.021
55.755,0.013
55.760,0.004
55.765,-0.009
55.770,-0.019
55.775,-0.025
55.780,-0.033
55.785,-0.047
55.790,-0.063
55.795,-0.074
55.800,-0.082
55.805,-0.092
55.810,-0.106
55.815,-0.121
55.820,-0.132
55.825,-0.138
55.830,-0.143
55.835,-0.147
55.840,-0.152
55.845,-0.156
55.850,-0.158
55.855,-0.158
55.860,-0.154
55.865,-0.139
55.870,-0.115
55.875,-0.090
55.880,-0.062
55.885,-0.031
55.890,0.006
55.895,0.046
55.900,0.082
55.905,0.113
55.910,0.142
55.915,0.163
55.920,0.179
55.925,0.192
55.930,0.203
55.935,0.205
55.940,0.203
55.945,0.204
55.950,0.203
55.955,0.199
55.960,0.192
55.965,0.185
55.970,0.178
55.975,0.169
55.980,0.157
55.985,0.147
55.990,0.139
55.995,0.130
56.000,0.123
56.005,0.113
56.010,0.102
56.015,0.092
56.020,0.084
56.025,0.078
56.030,0.072
56.035,0.067
56.040,0.064
56.045,0.056
56.050,0.046
56.055,0.040
56.060,0.035
56.065,0.032
56.070,0.025
56.075,0.019
56.080,0.016
56.085,0.015
56.090,0.013
56.095,0.008
56.100,0.005
56.105,0.004
56.110,0.003
56.115,0.005
56.120,0.006
56.125,0.005
56.130,0.002
56.135,-0.003
56.140,-0.005
56.145,-0.005
56.150,-0.005
56.155,-0.005
56.160,-0.005
56.165,-0.007
56.170,-0.011
56.175,-0.013
56.180,-0.013
56.185,-0.015
56.190,-0.017
56.195,-0.019
56.200,-0.021
56.205,-0.024
56.210,-0.024
56.215,-0.021
56.220,-0.016
56.225,-0.018
56.230,-0.023
56.235,-0.027
56.240,-0.029
56.245,-0.034
56.250,-0.038
56.255,-0.035
56.260,-0.033
56.265,-0.035
56.270,-0.037
56.275,-0.038
56.280,-0.038
56.285,-0.041
56.290,-0.043
56.295,-0.042
56.300,-0.040
56.305,-0.042
56.310,-0.045
56.315,-0.045
56.320,-0.043
56.325,-0.043
56.330,-0.043
56.335,-0.041
56.340,-0.044
56.345,-0.045
56.350,-0.054
56.355,-0.038
56.360,0.414
56.365,1.232
56.370,1.616
56.375,1.553
56.380,1.377
56.385,1.262
56.390,1.291
56.395,1.190
56.400,1.034
56.405,1.024
56.410,0.915
56.415,0.574
56.420,0.329
56.425,0.286
56.430,0.239
56.435,0.219
56.440,0.196
56.445,0.127
56.450,0.110
56.455,0.093
56.460,0.041
56.465,0.013
56.470,-0.001
56.475,-0.037
56.480,-0.068
56.485,-0.083
56.490,-0.107
56.495,-0.135
56.500,-0.152
56.505,-0.170
56.510,-0.137
56.515,0.056
56.520,0.235
56.525,0.225
56.530,0.160
56.535,0.098
56.540,0.073
56.545,0.061
56.550,-0.004
56.555,-0.036
56.560,-0.045
56.565,-0.088
56.570,-0.125
56.575,-0.137
56.580,-0.163
56.585,-0.196
56.590,-0.213
56.595,-0.230
56.600,-0.255
56.605,-0.273
56.610,-0.342
56.615,-0.570
56.620,-0.779
56.625,-0.796
56.630,-0.760
56.635,-0.722
56.640,-0.719
56.645,-0.728
56.650,-0.684
56.655,-0.667
56.660,-0.675
56.665,-0.646
56.670,-0.621
56.675,-0.619
56.680,-0.602
56.685,-0.577
56.690,-0.567
56.695,-0.555
56.700,-0.533
56.705,-0.518
56.710,-0.451
56.715,-0.224
56.720,-0.014
56.725,0.006
56.730,-0.029
56.735,-0.063
56.740,-0.061
56.745,-0.047
56.750,-0.086
56.755,-0.096
56.760,-0.082
56.765,-0.102
56.770,-0.118
56.775,-0.111
56.780,-0.118
56.785,-0.133
56.790,-0.132
56.795,-0.133
56.800,-0.143
56.805,-0.146
56.810,-0.201
56.815,-0.416
56.820,-0.613
56.825,-0.619
56.830,-0.571
56.835,-0.524
56.840,-0.512
56.845,-0.512
56.850,-0.459
56.855,-0.435
56.860,-0.435
56.865,-0.400
56.870,-0.369
56.875,-0.363
56.880,-0.341
56.885,-0.312
56.890,-0.298
56.895,-0.283
56.900,-0.258
56.905,-0.241
56.910,-0.172
56.915,0.057
56.920,0.268
56.925,0.287
56.930,0.254
56.935,0.219
56.940,0.221
56.945,0.234
56.950,0.194
56.955,0.184
56.960,0.197
56.965,0.174
56.970,0.156
56.975,0.161
56.980,0.152
56.985,0.134
56.990,0.133
56.995,0.129
57.000,0.116
57.005,0.109
57.010,0.051
57.015,-0.168
57.020,-0.369
57.025,-0.378
57.030,-0.334
57.035,-0.290
57.040,-0.282
57.045,-0.287
57.050,-0.238
57.055,-0.218
57.060,-0.224
57.065,-0.193
57.070,-0.166
57.075,-0.164
57.080,-0.147
57.085,-0.123
57.090,-0.114
57.095,-0.103
57.100,-0.083
57.105,-0.070
57.110,-0.006
57.115,0.219
57.120,0.425
57.125,0.440
57.130,0.402
57.135,0.363
57.140,0.359
57.145,0.369
57.150,0.325
57.155,0.310
57.160,0.318
57.165,0.291
57.170,0.268
57.175,0.269
57.180,0.256
57.185,0.234
57.190,0.229
57.195,0.221
57.200,0.203
57.205,0.194
57.210,0.131
57.215,-0.092
57.220,-0.296
57.225,-0.308
57.230,-0.268
57.235,-0.228
57.240,-0.223
57.245,-0.231
57.250,-0.185
57.255,-0.169
57.260,-0.177
57.265,-0.149
57.270,-0.126
57.275,-0.127
57.280,-0.113
57.285,-0.090
57.290,-0.084
57.295,-0.077
57.300,-0.059
57.305,-0.049
57.310,0.013
57.315,0.236
57.320,0.440
57.325,0.452
57.330,0.412
57.335,0.371
57.340,0.366
57.345,0.373
57.350,0.327
57.355,0.310
57.360,0.317
57.365,0.289
57.370,0.264
57.375,0.264
57.380,0.249
57.385,0.225
57.390,0.218
57.395,0.209
57.400,0.190
57.405,0.179
57.410,0.116
57.415,-0.108
57.420,-0.313
57.425,-0.327
57.430,-0.287
57.435,-0.248
57.440,-0.244
57.445,-0.253
57.450,-0.209
57.455,-0.193
57.460,-0.202
57.465,-0.175
57.470,-0.152
57.475,-0.153
57.480,-0.139
57.485,-0.117
57.490,-0.112
57.495,-0.104
57.500,-0.087
57.505,-0.078
57.510,-0.016
57.515,0.207
57.520,0.410
57.525,0.423
57.530,0.382
57.535,0.341
57.540,0.335
57.545,0.342
57.550,0.296
57.555,0.279
57.560,0.286
57.565,0.257
57.570,0.234
57.575,0.233
57.580,0.218
57.585,0.195
57.590,0.188
57.595,0.179
57.600,0.160
57.605,0.149
57.610,0.086
57.615,-0.138
57.620,-0.343
57.625,-0.357
57.630,-0.317
57.635,-0.277
57.640,-0.274
57.645,-0.282
57.650,-0.237
57.655,-0.221
57.660,-0.229
57.665,-0.202
57.670,-0.179
57.675,-0.180
57.680,-0.166
57.685,-0.144
57.690,-0.138
57.695,-0.130
57.700,-0.113
57.705,-0.103
57.710,-0.040
57.715,0.183
57.720,0.387
57.725,0.399
57.730,0.359
57.735,0.318
57.740,0.313
57.745,0.321
57.750,0.275
57.755,0.258
57.760,0.265
57.765,0.237
57.770,0.213
57.775,0.214
57.780,0.198
57.785,0.176
57.790,0.169
57.795,0.161
57.800,0.143
57.805,0.132
57.810,0.069
57.815,-0.155
57.820,-0.359
57.825,-0.372
57.830,-0.333
57.835,-0.293
57.840,-0.289
57.845,-0.297
57.850,-0.251
57.855,-0.235
57.860,-0.243
57.865,-0.215
57.870,-0.192
57.875,-0.193
57.880,-0.179
57.885,-0.156
57.890,-0.150
57.895,-0.142
57.900,-0.125
57.905,-0.114
57.910,-0.051
57.915,0.172
57.920,0.376
57.925,0.389
57.930,0.349
57.935,0.308
57.940,0.304
57.945,0.311
57.950,0.265
57.955,0.249
57.960,0.256
57.965,0.229
57.970,0.205
57.975,0.206
57.980,0.191
57.985,0.168
57.990,0.162
57.995,0.154
58.000,0.136
58.005,0.125
58.010,0.063
58.015,-0.161
58.020,-0.365
58.025,-0.379
58.030,-0.339
58.035,-0.298
58.040,-0.294
58.045,-0.302
58.050,-0.256
58.055,-0.240
58.060,-0.248
58.065,-0.220
58.070,-0.197
58.075,-0.198
58.080,-0.183
58.085,-0.160
58.090,-0.154
58.095,-0.146
58.100,-0.128
58.105,-0.117
58.110,-0.055
58.115,0.168
58.120,0.372
58.125,0.385
58.130,0.345
58.135,0.305
58.140,0.301
58.145,0.309
58.150,0.263
58.155,0.246
58.160,0.254
58.165,0.226
58.170,0.203
58.175,0.204
58.180,0.189
58.185,0.166
58.190,0.160
58.195,0.151
58.200,0.133
58.205,0.123
58.210,0.061
58.215,-0.163
58.220,-0.367
58.225,-0.381
58.230,-0.340
58.235,-0.300
58.240,-0.295
58.245,-0.303
58.250,-0.258
58.255,-0.242
58.260,-0.250
58.265,-0.222
58.270,-0.198
58.275,-0.199
58.280,-0.184
58.285,-0.162
58.290,-0.155
58.295,-0.147
58.300,-0.129
58.305,-0.119
58.310,-0.056
58.315,0.168
58.320,0.372
58.325,0.385
58.330,0.344
58.335,0.305
58.340,0.300
58.345,0.308
58.350,0.262
58.355,0.245
58.360,0.253
58.365,0.225
58.370,0.202
58.375,0.203
58.380,0.188
58.385,0.166
58.390,0.159
58.395,0.151
58.400,0.133
58.405,0.122
58.410,0.059
58.415,-0.164
58.420,-0.368
58.425,-0.381
58.430,-0.340
58.435,-0.300
58.440,-0.296
58.445,-0.304
58.450,-0.258
58.455,-0.242
58.460,-0.249
58.465,-0.222
58.470,-0.199
58.475,-0.199
58.480,-0.185
58.485,-0.162
58.490,-0.156
58.495,-0.148
58.500,-0.130
58.505,-0.119
58.510,-0.056
58.515,0.167
58.520,0.372
58.525,0.384
58.530,0.344
58.535,0.304
58.540,0.299
58.545,0.307
58.550,0.261
58.555,0.245
58.560,0.253
58.565,0.225
58.570,0.202
58.575,0.202
58.580,0.188
58.585,0.165
58.590,0.159
58.595,0.151
58.600,0.133
58.605,0.122
58.610,0.059
58.615,-0.164
58.620,-0.368
58.625,-0.382
58.630,-0.341
58.635,-0.301
58.640,-0.297
58.645,-0.305
58.650,-0.259
58.655,-0.242
58.660,-0.250
58.665,-0.222
58.670,-0.199
58.675,-0.200
58.680,-0.185
58.685,-0.163
58.690,-0.156
58.695,-0.148
58.700,-0.130
58.705,-0.119
58.710,-0.057
58.715,0.166
58.720,0.371
58.725,0.384
58.730,0.343
58.735,0.303
58.740,0.299
58.745,0.307
58.750,0.260
58.755,0.244
58.760,0.252
58.765,0.225
58.770,0.201
58.775,0.202
58.780,0.187
58.785,0.165
58.790,0.158
58.795,0.150
58.800,0.132
58.805,0.122
58.810,0.059
58.815,-0.164
58.820,-0.369
58.825,-0.382
58.830,-0.342
58.835,-0.301
58.840,-0.297
58.845,-0.304
58.850,-0.259
58.855,-0.243
58.860,-0.250
58.865,-0.222
58.870,-0.199
58.875,-0.200
58.880,-0.186
58.885,-0.163
58.890,-0.156
58.895,-0.148
58.900,-0.130
58.905,-0.120
58.910,-0.057
58.915,0.166
58.920,0.370
58.925,0.383
58.930,0.343
58.935,0.303
58.940,0.298
58.945,0.306
58.950,0.260
58.955,0.244
58.960,0.252
58.965,0.224
58.970,0.201
58.975,0.201
58.980,0.187
58.985,0.165
58.990,0.158
58.995,0.149
59.000,0.131
59.005,0.121
59.010,0.058
59.015,-0.165
59.020,-0.370
59.025,-0.382
59.030,-0.342
59.035,-0.302
59.040,-0.298
59.045,-0.305
59.050,-0.259
59.055,-0.243
59.060,-0.251
59.065,-0.223
59.070,-0.200
59.075,-0.201
59.080,-0.186
59.085,-0.163
59.090,-0.157
59.095,-0.149
59.100,-0.131
59.105,-0.121
59.110,-0.058
59.115,0.166
59.120,0.370
59.125,0.383
59.130,0.343
59.135,0.303
59.140,0.299
59.145,0.306
59.150,0.260
59.155,0.244
59.160,0.252
59.165,0.224
59.170,0.201
59.175,0.201
59.180,0.187
59.185,0.164
59.190,0.158
59.195,0.149
59.200,0.132
59.205,0.121
59.210,0.058
59.215,-0.165
59.220,-0.370
59.225,-0.383
59.230,-0.342
59.235,-0.302
59.240,-0.298
59.245,-0.305
59.250,-0.259
59.255,-0.243
59.260,-0.251
59.265,-0.223
59.270,-0.200
59.275,-0.201
59.280,-0.186
59.285,-0.164
59.290,-0.157
59.295,-0.149
59.300,-0.131
59.305,-0.120
59.310,-0.058
59.315,0.166
59.320,0.370
59.325,0.383
59.330,0.343
59.335,0.303
59.340,0.298
59.345,0.306
59.350,0.260
59.355,0.244
59.360,0.252
59.365,0.224
59.370,0.201
59.375,0.201
59.380,0.186
59.385,0.164
59.390,0.158
59.395,0.150
59.400,0.132
59.405,0.121
59.410,0.058
59.415,-0.165
59.420,-0.370
59.425,-0.383
59.430,-0.342
59.435,-0.302
59.440,-0.298
59.445,-0.305
59.450,-0.259
59.455,-0.243
59.460,-0.251
59.465,-0.223
59.470,-0.200
59.475,-0.201
59.480,-0.186
59.485,-0.163
59.490,-0.157
59.495,-0.149
59.500,-0.131
59.505,-0.120
59.510,-0.057
59.515,0.166
59.520,0.370
59.525,0.383
59.530,0.343
59.535,0.303
59.540,0.298
59.545,0.305
59.550,0.260
59.555,0.244
59.560,0.252
59.565,0.224
59.570,0.200
59.575,0.201
59.580,0.187
59.585,0.164
59.590,0.157
59.595,0.149
59.600,0.131
59.605,0.121
59.610,0.058
59.615,-0.166
59.620,-0.370
59.625,-0.383
59.630,-0.342
59.635,-0.302
59.640,-0.298
59.645,-0.306
59.650,-0.260
59.655,-0.243
59.660,-0.251
59.665,-0.223
59.670,-0.200
59.675,-0.201
59.680,-0.186
59.685,-0.164
59.690,-0.158
59.695,-0.149
59.700,-0.131
59.705,-0.121
59.710,-0.058
59.715,0.166
59.720,0.370
59.725,0.383
59.730,0.343
59.735,0.302
59.740,0.298
59.745,0.306
59.750,0.260
59.755,0.244
59.760,0.252
59.765,0.224
59.770,0.201
59.775,0.201
59.780,0.186
59.785,0.164
59.790,0.158
59.795,0.149
59.800,0.131
59.805,0.121
59.810,0.058
59.815,-0.166
59.820,-0.370
59.825,-0.383
59.830,-0.342
59.835,-0.303
59.840,-0.298
59.845,-0.305
59.850,-0.260
59.855,-0.243
59.860,-0.251
59.865,-0.223
59.870,-0.200
59.875,-0.200
59.880,-0.186
59.885,-0.164
59.890,-0.157
59.895,-0.149
59.900,-0.131
59.905,-0.120
59.910,-0.058
59.915,0.166
59.920,0.370
59.925,0.383
59.930,0.343
59.935,0.302
59.940,0.298
59.945,0.306
59.950,0.260
59.955,0.244
59.960,0.251
59.965,0.224
59.970,0.200
59.975,0.201
59.980,0.186
59.985,0.164
59.990,0.157
59.995,0.149
