'Elapsed time','ECG'
'seconds','mV'
0.000,-0.008
0.005,0.017
0.010,0.011
0.015,0.012
0.020,0.015
0.025,-0.003
0.030,0.014
0.035,0.008
0.040,-0.019
0.045,-0.009
0.050,0.001
0.055,-0.022
0.060,-0.032
0.065,-0.021
0.070,-0.030
0.075,-0.039
0.080,-0.019
0.085,-0.017
0.090,-0.039
0.095,-0.034
0.100,-0.029
0.105,-0.055
0.110,-0.050
0.115,-0.012
0.120,-0.018
0.125,-0.035
0.130,-0.021
0.135,-0.028
0.140,-0.051
0.145,-0.035
0.150,-0.018
0.155,-0.038
0.160,-0.039
0.165,-0.008
0.170,-0.010
0.175,-0.027
0.180,-0.009
0.185,-0.001
0.190,-0.020
0.195,-0.010
0.200,0.007
0.205,-0.009
0.210,-0.011
0.215,0.008
0.220,-0.004
0.225,-0.026
0.230,-0.013
0.235,-0.007
0.240,-0.018
0.245,-0.009
0.250,-0.002
0.255,-0.013
0.260,0.000
0.265,0.021
0.270,-0.001
0.275,-0.026
0.280,-0.014
0.285,-0.021
0.290,-0.058
0.295,-0.072
0.300,-0.070
0.305,-0.077
0.310,-0.072
0.315,-0.054
0.320,-0.076
0.325,-0.109
0.330,-0.091
0.335,-0.074
0.340,-0.088
0.345,-0.068
0.350,-0.027
0.355,-0.029
0.360,-0.028
0.365,0.007
0.370,0.024
0.375,0.026
0.380,0.049
0.385,0.057
0.390,0.039
0.395,0.059
0.400,0.081
0.405,0.066
0.410,0.067
0.415,0.082
0.420,0.069
0.425,0.055
0.430,0.065
0.435,0.054
0.440,0.027
0.445,0.039
0.450,0.057
0.455,0.039
0.460,0.023
0.465,0.035
0.470,0.024
0.475,0.016
0.480,0.058
0.485,0.068
0.490,0.028
0.495,-0.007
0.500,-0.147
0.505,-0.511
0.510,-0.985
0.515,-1.398
0.520,-1.612
0.525,-1.404
0.530,-0.755
0.535,-0.030
0.540,0.448
0.545,0.623
0.550,0.603
0.555,0.527
0.560,0.426
0.565,0.339
0.570,0.291
0.575,0.267
0.580,0.277
0.585,0.275
0.590,0.229
0.595,0.209
0.600,0.224
0.605,0.214
0.610,0.199
0.615,0.200
0.620,0.183
0.625,0.160
0.630,0.168
0.635,0.171
0.640,0.136
0.645,0.120
0.650,0.124
0.655,0.100
0.660,0.087
0.665,0.105
0.670,0.093
0.675,0.064
0.680,0.074
0.685,0.075
0.690,0.043
0.695,0.038
0.700,0.037
0.705,0.002
0.710,-0.010
0.715,0.004
0.720,-0.019
0.725,-0.059
0.730,-0.061
0.735,-0.069
0.740,-0.108
0.745,-0.110
0.750,-0.099
0.755,-0.139
0.760,-0.169
0.765,-0.157
0.770,-0.167
0.775,-0.187
0.780,-0.183
0.785,-0.189
0.790,-0.207
0.795,-0.192
0.800,-0.164
0.805,-0.160
0.810,-0.131
0.815,-0.070
0.820,-0.037
0.825,0.001
0.830,0.068
0.835,0.094
0.840,0.108
0.845,0.160
0.850,0.185
0.855,0.172
0.860,0.184
0.865,0.211
0.870,0.196
0.875,0.176
0.880,0.194
0.885,0.192
0.890,0.162
0.895,0.159
0.900,0.165
0.905,0.140
0.910,0.129
0.915,0.143
0.920,0.121
0.925,0.089
0.930,0.097
0.935,0.098
0.940,0.070
0.945,0.077
0.950,0.097
0.955,0.073
0.960,0.057
0.965,0.068
0.970,0.051
0.975,0.027
0.980,0.036
0.985,0.036
0.990,0.010
0.995,0.004
1.000,0.016
1.005,0.003
1.010,-0.001
1.015,0.012
1.020,-0.005
1.025,-0.020
1.030,0.006
1.035,0.016
1.040,-0.008
1.045,-0.011
1.050,0.005
1.055,-0.008
1.060,-0.020
1.065,0.001
1.070,-0.006
1.075,-0.024
1.080,0.002
1.085,0.006
1.090,-0.017
1.095,-0.008
1.100,-0.005
1.105,-0.032
1.110,-0.036
1.115,-0.009
1.120,-0.005
1.125,-0.020
1.130,-0.006
1.135,-0.003
1.140,-0.028
1.145,-0.018
1.150,0.002
1.155,-0.019
1.160,-0.036
1.165,-0.020
1.170,-0.025
1.175,-0.046
1.180,-0.042
1.185,-0.056
1.190,-0.098
1.195,-0.094
1.200,-0.069
1.205,-0.084
1.210,-0.097
1.215,-0.092
1.220,-0.107
1.225,-0.124
1.230,-0.101
1.235,-0.082
1.240,-0.095
1.245,-0.073
1.250,-0.041
1.255,-0.057
1.260,-0.047
1.265,0.011
1.270,0.025
1.275,0.008
1.280,0.036
1.285,0.051
1.290,0.024
1.295,0.042
1.300,0.066
1.305,0.042
1.310,0.031
1.315,0.046
1.320,0.042
1.325,0.028
1.330,0.042
1.335,0.034
1.340,0.002
1.345,0.006
1.350,0.015
1.355,-0.009
1.360,-0.013
1.365,0.015
1.370,0.017
1.375,0.017
1.380,0.042
1.385,0.032
1.390,-0.020
1.395,-0.146
1.400,-0.451
1.405,-0.919
1.410,-1.361
1.415,-1.587
1.420,-1.442
1.425,-0.867
1.430,-0.119
1.435,0.415
1.440,0.585
1.445,0.561
1.450,0.535
1.455,0.459
1.460,0.347
1.465,0.299
1.470,0.260
1.475,0.226
1.480,0.245
1.485,0.243
1.490,0.205
1.495,0.206
1.500,0.218
1.505,0.179
1.510,0.147
1.515,0.167
1.520,0.172
1.525,0.145
1.530,0.143
1.535,0.136
1.540,0.101
1.545,0.103
1.550,0.119
1.555,0.101
1.560,0.084
1.565,0.079
1.570,0.066
1.575,0.052
1.580,0.057
1.585,0.053
1.590,0.031
1.595,0.022
1.600,0.024
1.605,0.002
1.610,-0.025
1.615,-0.026
1.620,-0.038
1.625,-0.056
1.630,-0.054
1.635,-0.073
1.640,-0.113
1.645,-0.125
1.650,-0.122
1.655,-0.148
1.660,-0.167
1.665,-0.163
1.670,-0.183
1.675,-0.205
1.680,-0.201
1.685,-0.193
1.690,-0.188
1.695,-0.167
1.700,-0.141
1.705,-0.129
1.710,-0.096
1.715,-0.027
1.720,0.016
1.725,0.034
1.730,0.081
1.735,0.125
1.740,0.138
1.745,0.162
1.750,0.191
1.755,0.189
1.760,0.184
1.765,0.199
1.770,0.195
1.775,0.165
1.780,0.169
1.785,0.188
1.790,0.162
1.795,0.150
1.800,0.159
1.805,0.129
1.810,0.117
1.815,0.142
1.820,0.129
1.825,0.094
1.830,0.093
1.835,0.103
1.840,0.079
1.845,0.065
1.850,0.076
1.855,0.052
1.860,0.035
1.865,0.062
1.870,0.056
1.875,0.024
1.880,0.019
1.885,0.020
1.890,0.006
1.895,0.012
1.900,0.029
1.905,0.014
1.910,0.002
1.915,0.016
1.920,0.004
1.925,-0.020
1.930,-0.001
1.935,0.009
1.940,-0.014
1.945,-0.007
1.950,0.011
1.955,-0.005
1.960,-0.012
1.965,0.005
1.970,0.004
1.975,-0.010
1.980,-0.009
1.985,-0.006
1.990,-0.017
1.995,-0.007
2.000,0.002
2.005,-0.026
2.010,-0.028
2.015,0.001
2.020,-0.005
2.025,-0.020
2.030,-0.003
2.035,-0.004
2.040,-0.027
2.045,-0.023
2.050,-0.015
2.055,-0.029
2.060,-0.026
2.065,-0.015
2.070,-0.030
2.075,-0.037
2.080,-0.021
2.085,-0.026
2.090,-0.060
2.095,-0.076
2.100,-0.075
2.105,-0.092
2.110,-0.089
2.115,-0.069
2.120,-0.096
2.125,-0.127
2.130,-0.107
2.135,-0.108
2.140,-0.129
2.145,-0.098
2.150,-0.060
2.155,-0.060
2.160,-0.050
2.165,-0.012
2.170,-0.010
2.175,-0.018
2.180,0.014
2.185,0.026
2.190,0.015
2.195,0.034
2.200,0.061
2.205,0.052
2.210,0.047
2.215,0.053
2.220,0.032
2.225,0.030
2.230,0.051
2.235,0.038
2.240,0.014
2.245,0.024
2.250,0.034
2.255,0.009
2.260,-0.009
2.265,0.011
2.270,0.007
2.275,-0.014
2.280,0.011
2.285,0.039
2.290,0.025
2.295,0.010
2.300,-0.057
2.305,-0.291
2.310,-0.683
2.315,-1.128
2.320,-1.506
2.325,-1.598
2.330,-1.188
2.335,-0.476
2.340,0.159
2.345,0.536
2.350,0.606
2.355,0.539
2.360,0.488
2.365,0.404
2.370,0.305
2.375,0.262
2.380,0.263
2.385,0.258
2.390,0.234
2.395,0.225
2.400,0.223
2.405,0.196
2.410,0.183
2.415,0.201
2.420,0.185
2.425,0.153
2.430,0.163
2.435,0.162
2.440,0.126
2.445,0.117
2.450,0.125
2.455,0.103
2.460,0.086
2.465,0.106
2.470,0.102
2.475,0.073
2.480,0.070
2.485,0.062
2.490,0.034
2.495,0.034
2.500,0.048
2.505,0.024
2.510,0.002
2.515,0.006
2.520,-0.016
2.525,-0.044
2.530,-0.041
2.535,-0.046
2.540,-0.081
2.545,-0.106
2.550,-0.111
2.555,-0.124
2.560,-0.144
2.565,-0.152
2.570,-0.169
2.575,-0.182
2.580,-0.177
2.585,-0.190
2.590,-0.206
2.595,-0.187
2.600,-0.172
2.605,-0.181
2.610,-0.159
2.615,-0.100
2.620,-0.065
2.625,-0.044
2.630,0.013
2.635,0.068
2.640,0.089
2.645,0.120
2.650,0.157
2.655,0.168
2.660,0.176
2.665,0.194
2.670,0.194
2.675,0.186
2.680,0.194
2.685,0.181
2.690,0.158
2.695,0.174
2.700,0.184
2.705,0.154
2.710,0.142
2.715,0.144
2.720,0.117
2.725,0.102
2.730,0.114
2.735,0.100
2.740,0.080
2.745,0.095
2.750,0.102
2.755,0.073
2.760,0.062
2.765,0.069
2.770,0.050
2.775,0.031
2.780,0.041
2.785,0.031
2.790,0.009
2.795,0.029
2.800,0.034
2.805,-0.003
2.810,-0.002
2.815,0.022
2.820,0.007
2.825,-0.007
2.830,0.013
2.835,0.012
2.840,-0.010
2.845,-0.002
2.850,0.011
2.855,-0.007
2.860,-0.006
2.865,0.004
2.870,-0.021
2.875,-0.024
2.880,0.002
2.885,-0.003
2.890,-0.017
2.895,0.000
2.900,0.008
2.905,-0.016
2.910,-0.021
2.915,-0.003
2.920,-0.010
2.925,-0.025
2.930,-0.009
2.935,-0.005
2.940,-0.023
2.945,-0.016
2.950,-0.007
2.955,-0.027
2.960,-0.029
2.965,-0.010
2.970,-0.023
2.975,-0.035
2.980,-0.023
2.985,-0.039
2.990,-0.066
2.995,-0.062
3.000,-0.071
3.005,-0.104
3.010,-0.099
3.015,-0.072
3.020,-0.084
3.025,-0.117
3.030,-0.118
3.035,-0.106
3.040,-0.106
3.045,-0.095
3.050,-0.074
3.055,-0.064
3.060,-0.050
3.065,-0.021
3.070,-0.020
3.075,-0.015
3.080,0.023
3.085,0.029
3.090,0.018
3.095,0.040
3.100,0.058
3.105,0.043
3.110,0.043
3.115,0.055
3.120,0.038
3.125,0.027
3.130,0.047
3.135,0.042
3.140,0.014
3.145,0.019
3.150,0.029
3.155,-0.004
3.160,-0.018
3.165,0.015
3.170,0.018
3.175,-0.003
3.180,0.015
3.185,0.025
3.190,0.008
3.195,0.010
3.200,-0.052
3.205,-0.308
3.210,-0.718
3.215,-1.154
3.220,-1.515
3.225,-1.592
3.230,-1.165
3.235,-0.442
3.240,0.189
3.245,0.545
3.250,0.608
3.255,0.548
3.260,0.489
3.265,0.409
3.270,0.320
3.275,0.262
3.280,0.254
3.285,0.256
3.290,0.233
3.295,0.227
3.300,0.235
3.305,0.206
3.310,0.186
3.315,0.192
3.320,0.171
3.325,0.147
3.330,0.159
3.335,0.159
3.340,0.129
3.345,0.126
3.350,0.137
3.355,0.108
3.360,0.093
3.365,0.111
3.370,0.094
3.375,0.063
3.380,0.075
3.385,0.080
3.390,0.049
3.395,0.037
3.400,0.037
3.405,0.015
3.410,0.006
3.415,0.010
3.420,-0.011
3.425,-0.036
3.430,-0.040
3.435,-0.056
3.440,-0.087
3.445,-0.084
3.450,-0.086
3.455,-0.133
3.460,-0.154
3.465,-0.143
3.470,-0.168
3.475,-0.192
3.480,-0.176
3.485,-0.179
3.490,-0.207
3.495,-0.208
3.500,-0.185
3.505,-0.169
3.510,-0.146
3.515,-0.102
3.520,-0.066
3.525,-0.034
3.530,0.019
3.535,0.064
3.540,0.091
3.545,0.133
3.550,0.166
3.555,0.157
3.560,0.164
3.565,0.201
3.570,0.201
3.575,0.181
3.580,0.189
3.585,0.184
3.590,0.159
3.595,0.163
3.600,0.176
3.605,0.147
3.610,0.126
3.615,0.141
3.620,0.125
3.625,0.101
3.630,0.119
3.635,0.121
3.640,0.093
3.645,0.085
3.650,0.079
3.655,0.054
3.660,0.055
3.665,0.073
3.670,0.055
3.675,0.032
3.680,0.038
3.685,0.031
3.690,0.010
3.695,0.016
3.700,0.017
3.705,-0.001
3.710,0.006
3.715,0.018
3.720,-0.002
3.725,-0.012
3.730,0.006
3.735,0.000
3.740,-0.022
3.745,-0.004
3.750,0.014
3.755,-0.008
3.760,-0.006
3.765,0.012
3.770,-0.013
3.775,-0.026
3.780,-0.002
3.785,-0.005
3.790,-0.019
3.795,-0.004
3.800,0.002
3.805,-0.016
3.810,-0.017
3.815,-0.001
3.820,-0.019
3.825,-0.032
3.830,-0.005
3.835,-0.003
3.840,-0.022
3.845,-0.020
3.850,-0.019
3.855,-0.033
3.860,-0.025
3.865,0.002
3.870,-0.017
3.875,-0.049
3.880,-0.040
3.885,-0.054
3.890,-0.082
3.895,-0.069
3.900,-0.069
3.905,-0.092
3.910,-0.083
3.915,-0.087
3.920,-0.135
3.925,-0.150
3.930,-0.120
3.935,-0.106
3.940,-0.112
3.945,-0.081
3.950,-0.041
3.955,-0.043
3.960,-0.030
3.965,0.002
3.970,-0.001
3.975,-0.005
3.980,0.025
3.985,0.043
3.990,0.034
3.995,0.047
4.000,0.063
4.005,0.040
4.010,0.029
4.015,0.047
4.020,0.038
4.025,0.023
4.030,0.033
4.035,0.025
4.040,0.002
4.045,0.008
4.050,0.025
4.055,0.009
4.060,-0.005
4.065,0.004
4.070,-0.006
4.075,0.005
4.080,0.061
4.085,0.072
4.090,0.029
4.095,-0.053
4.100,-0.311
4.105,-0.782
4.110,-1.245
4.115,-1.556
4.120,-1.590
4.125,-1.107
4.130,-0.305
4.135,0.311
4.140,0.557
4.145,0.569
4.150,0.549
4.155,0.512
4.160,0.424
4.165,0.333
4.170,0.259
4.175,0.234
4.180,0.249
4.185,0.224
4.190,0.187
4.195,0.203
4.200,0.212
4.205,0.184
4.210,0.163
4.215,0.161
4.220,0.146
4.225,0.130
4.230,0.137
4.235,0.125
4.240,0.101
4.245,0.112
4.250,0.115
4.255,0.083
4.260,0.075
4.265,0.090
4.270,0.075
4.275,0.058
4.280,0.059
4.285,0.043
4.290,0.022
4.295,0.024
4.300,0.025
4.305,-0.006
4.310,-0.032
4.315,-0.022
4.320,-0.030
4.325,-0.052
4.330,-0.052
4.335,-0.068
4.340,-0.106
4.345,-0.114
4.350,-0.115
4.355,-0.145
4.360,-0.156
4.365,-0.145
4.370,-0.164
4.375,-0.182
4.380,-0.167
4.385,-0.173
4.390,-0.187
4.395,-0.163
4.400,-0.142
4.405,-0.143
4.410,-0.104
4.415,-0.041
4.420,-0.011
4.425,0.021
4.430,0.075
4.435,0.110
4.440,0.124
4.445,0.151
4.450,0.174
4.455,0.166
4.460,0.164
4.465,0.186
4.470,0.183
4.475,0.170
4.480,0.182
4.485,0.179
4.490,0.150
4.495,0.149
4.500,0.156
4.505,0.130
4.510,0.120
4.515,0.129
4.520,0.116
4.525,0.100
4.530,0.107
4.535,0.096
4.540,0.064
4.545,0.065
4.550,0.071
4.555,0.045
4.560,0.047
4.565,0.070
4.570,0.039
4.575,0.014
4.580,0.033
4.585,0.028
4.590,0.009
4.595,0.014
4.600,0.018
4.605,0.011
4.610,0.016
4.615,0.019
4.620,-0.005
4.625,-0.010
4.630,0.011
4.635,0.011
4.640,-0.005
4.645,-0.001
4.650,0.009
4.655,-0.004
4.660,-0.006
4.665,0.008
4.670,-0.007
4.675,-0.017
4.680,0.013
4.685,0.022
4.690,-0.006
4.695,-0.006
4.700,-0.001
4.705,-0.017
4.710,-0.010
4.715,0.007
4.720,-0.009
4.725,-0.025
4.730,-0.010
4.735,-0.004
4.740,-0.021
4.745,-0.017
4.750,-0.009
4.755,-0.033
4.760,-0.045
4.765,-0.043
4.770,-0.073
4.775,-0.092
4.780,-0.064
4.785,-0.059
4.790,-0.098
4.795,-0.116
4.800,-0.111
4.805,-0.114
4.810,-0.107
4.815,-0.085
4.820,-0.080
4.825,-0.073
4.830,-0.041
4.835,-0.020
4.840,-0.022
4.845,-0.004
4.850,0.023
4.855,0.017
4.860,0.020
4.865,0.047
4.870,0.045
4.875,0.042
4.880,0.062
4.885,0.061
4.890,0.041
4.895,0.045
4.900,0.049
4.905,0.020
4.910,0.013
4.915,0.032
4.920,0.018
4.925,0.002
4.930,0.015
4.935,0.010
4.940,-0.012
4.945,-0.004
4.950,0.015
4.955,0.026
4.960,0.043
4.965,0.044
4.970,-0.005
4.975,-0.151
4.980,-0.462
4.985,-0.931
4.990,-1.393
4.995,-1.646
5.000,-1.480
5.005,-0.854
5.010,-0.093
5.015,0.434
5.020,0.595
5.025,0.563
5.030,0.543
5.035,0.480
5.040,0.365
5.045,0.303
5.050,0.277
5.055,0.242
5.060,0.235
5.065,0.238
5.070,0.199
5.075,0.172
5.080,0.186
5.085,0.179
5.090,0.153
5.095,0.165
5.100,0.171
5.105,0.134
5.110,0.118
5.115,0.124
5.120,0.109
5.125,0.099
5.130,0.110
5.135,0.095
5.140,0.066
5.145,0.073
5.150,0.077
5.155,0.043
5.160,0.035
5.165,0.057
5.170,0.038
5.175,0.009
5.180,0.017
5.185,0.015
5.190,-0.019
5.195,-0.037
5.200,-0.042
5.205,-0.069
5.210,-0.083
5.215,-0.080
5.220,-0.103
5.225,-0.130
5.230,-0.126
5.235,-0.134
5.240,-0.165
5.245,-0.168
5.250,-0.162
5.255,-0.179
5.260,-0.184
5.265,-0.179
5.270,-0.184
5.275,-0.175
5.280,-0.138
5.285,-0.108
5.290,-0.089
5.295,-0.039
5.300,0.018
5.305,0.040
5.310,0.075
5.315,0.124
5.320,0.139
5.325,0.145
5.330,0.166
5.335,0.179
5.340,0.177
5.345,0.183
5.350,0.185
5.355,0.158
5.360,0.147
5.365,0.161
5.370,0.144
5.375,0.128
5.380,0.146
5.385,0.141
5.390,0.114
5.395,0.117
5.400,0.123
5.405,0.087
5.410,0.073
5.415,0.094
5.420,0.076
5.425,0.051
5.430,0.062
5.435,0.066
5.440,0.049
5.445,0.041
5.450,0.031
5.455,0.009
5.460,0.015
5.465,0.036
5.470,0.016
5.475,-0.007
5.480,0.005
5.485,0.001
5.490,-0.011
5.495,0.008
5.500,0.016
5.505,-0.007
5.510,-0.013
5.515,-0.005
5.520,-0.013
5.525,-0.015
5.530,0.009
5.535,0.008
5.540,-0.018
5.545,-0.009
5.550,0.003
5.555,-0.015
5.560,-0.015
5.565,0.009
5.570,0.000
5.575,-0.023
5.580,-0.006
5.585,0.003
5.590,-0.014
5.595,-0.006
5.600,0.002
5.605,-0.013
5.610,-0.005
5.615,0.007
5.620,-0.019
5.625,-0.034
5.630,-0.010
5.635,-0.013
5.640,-0.049
5.645,-0.060
5.650,-0.060
5.655,-0.080
5.660,-0.079
5.665,-0.057
5.670,-0.072
5.675,-0.104
5.680,-0.103
5.685,-0.108
5.690,-0.122
5.695,-0.098
5.700,-0.075
5.705,-0.081
5.710,-0.060
5.715,-0.023
5.720,-0.023
5.725,-0.024
5.730,0.012
5.735,0.027
5.740,0.015
5.745,0.032
5.750,0.053
5.755,0.038
5.760,0.037
5.765,0.061
5.770,0.053
5.775,0.036
5.780,0.054
5.785,0.058
5.790,0.031
5.795,0.034
5.800,0.044
5.805,0.011
5.810,0.006
5.815,0.033
5.820,0.016
5.825,-0.006
5.830,0.004
5.835,0.008
5.840,0.017
5.845,0.039
5.850,0.035
5.855,-0.039
5.860,-0.225
5.865,-0.577
5.870,-1.053
5.875,-1.466
5.880,-1.608
5.885,-1.292
5.890,-0.606
5.895,0.094
5.900,0.520
5.905,0.601
5.910,0.551
5.915,0.522
5.920,0.426
5.925,0.311
5.930,0.271
5.935,0.254
5.940,0.235
5.945,0.233
5.950,0.223
5.955,0.198
5.960,0.194
5.965,0.201
5.970,0.176
5.975,0.152
5.980,0.164
5.985,0.159
5.990,0.127
5.995,0.128
6.000,0.140
6.005,0.116
6.010,0.100
6.015,0.111
6.020,0.087
6.025,0.060
6.030,0.077
6.035,0.073
6.040,0.040
6.045,0.038
6.050,0.048
6.055,0.022
6.060,0.009
6.065,0.018
6.070,-0.008
6.075,-0.030
6.080,-0.018
6.085,-0.036
6.090,-0.075
6.095,-0.077
6.100,-0.077
6.105,-0.112
6.110,-0.136
6.115,-0.136
6.120,-0.152
6.125,-0.171
6.130,-0.166
6.135,-0.173
6.140,-0.197
6.145,-0.190
6.150,-0.176
6.155,-0.190
6.160,-0.176
6.165,-0.120
6.170,-0.092
6.175,-0.069
6.180,-0.016
6.185,0.020
6.190,0.042
6.195,0.093
6.200,0.134
6.205,0.139
6.210,0.156
6.215,0.180
6.220,0.172
6.225,0.173
6.230,0.193
6.235,0.186
6.240,0.163
6.245,0.170
6.250,0.166
6.255,0.134
6.260,0.137
6.265,0.153
6.270,0.130
6.275,0.109
6.280,0.118
6.285,0.113
6.290,0.086
6.295,0.088
6.300,0.090
6.305,0.061
6.310,0.062
6.315,0.078
6.320,0.054
6.325,0.031
6.330,0.042
6.335,0.040
6.340,0.020
6.345,0.027
6.350,0.033
6.355,0.007
6.360,-0.001
6.365,0.013
6.370,-0.003
6.375,-0.015
6.380,0.005
6.385,0.003
6.390,-0.017
6.395,-0.008
6.400,-0.003
6.405,-0.018
6.410,-0.008
6.415,0.009
6.420,-0.013
6.425,-0.019
6.430,0.003
6.435,-0.006
6.440,-0.021
6.445,-0.005
6.450,0.002
6.455,-0.021
6.460,-0.015
6.465,0.008
6.470,-0.012
6.475,-0.025
6.480,0.000
6.485,-0.001
6.490,-0.022
6.495,-0.013
6.500,-0.013
6.505,-0.031
6.510,-0.023
6.515,-0.005
6.520,-0.015
6.525,-0.026
6.530,-0.012
6.535,-0.023
6.540,-0.052
6.545,-0.046
6.550,-0.055
6.555,-0.096
6.560,-0.097
6.565,-0.066
6.570,-0.070
6.575,-0.105
6.580,-0.115
6.585,-0.113
6.590,-0.122
6.595,-0.104
6.600,-0.082
6.605,-0.077
6.610,-0.054
6.615,-0.024
6.620,-0.020
6.625,-0.011
6.630,0.018
6.635,0.018
6.640,0.007
6.645,0.041
6.650,0.064
6.655,0.042
6.660,0.041
6.665,0.060
6.670,0.047
6.675,0.037
6.680,0.058
6.685,0.055
6.690,0.025
6.695,0.025
6.700,0.032
6.705,0.015
6.710,0.013
6.715,0.025
6.720,0.012
6.725,-0.005
6.730,0.004
6.735,0.013
6.740,0.023
6.745,0.044
6.750,0.033
6.755,-0.056
6.760,-0.264
6.765,-0.648
6.770,-1.128
6.775,-1.495
6.780,-1.563
6.785,-1.182
6.790,-0.489
6.795,0.168
6.800,0.543
6.805,0.587
6.810,0.538
6.815,0.515
6.820,0.412
6.825,0.302
6.830,0.276
6.835,0.258
6.840,0.228
6.845,0.230
6.850,0.230
6.855,0.194
6.860,0.177
6.865,0.191
6.870,0.179
6.875,0.159
6.880,0.160
6.885,0.153
6.890,0.125
6.895,0.118
6.900,0.128
6.905,0.113
6.910,0.104
6.915,0.112
6.920,0.087
6.925,0.060
6.930,0.069
6.935,0.060
6.940,0.037
6.945,0.050
6.950,0.054
6.955,0.021
6.960,0.008
6.965,0.009
6.970,-0.013
6.975,-0.031
6.980,-0.033
6.985,-0.051
6.990,-0.074
6.995,-0.071
7.000,-0.080
7.005,-0.120
7.010,-0.132
7.015,-0.119
7.020,-0.143
7.025,-0.172
7.030,-0.169
7.035,-0.181
7.040,-0.202
7.045,-0.187
7.050,-0.173
7.055,-0.185
7.060,-0.172
7.065,-0.123
7.070,-0.092
7.075,-0.067
7.080,-0.013
7.085,0.029
7.090,0.051
7.095,0.094
7.100,0.134
7.105,0.141
7.110,0.158
7.115,0.183
7.120,0.180
7.125,0.178
7.130,0.190
7.135,0.178
7.140,0.157
7.145,0.167
7.150,0.173
7.155,0.147
7.160,0.138
7.165,0.146
7.170,0.123
7.175,0.110
7.180,0.134
7.185,0.122
7.190,0.086
7.195,0.093
7.200,0.096
7.205,0.061
7.210,0.054
7.215,0.076
7.220,0.062
7.225,0.035
7.230,0.046
7.235,0.042
7.240,0.018
7.245,0.025
7.250,0.024
7.255,-0.001
7.260,-0.001
7.265,0.014
7.270,-0.001
7.275,-0.013
7.280,0.007
7.285,0.011
7.290,-0.011
7.295,-0.011
7.300,-0.005
7.305,-0.016
7.310,-0.010
7.315,0.005
7.320,-0.018
7.325,-0.027
7.330,0.000
7.335,-0.005
7.340,-0.021
7.345,-0.001
7.350,0.004
7.355,-0.020
7.360,-0.012
7.365,0.001
7.370,-0.024
7.375,-0.031
7.380,-0.001
7.385,0.000
7.390,-0.024
7.395,-0.016
7.400,-0.004
7.405,-0.018
7.410,-0.014
7.415,-0.002
7.420,-0.026
7.425,-0.039
7.430,-0.013
7.435,-0.022
7.440,-0.055
7.445,-0.066
7.450,-0.084
7.455,-0.108
7.460,-0.090
7.465,-0.068
7.470,-0.105
7.475,-0.137
7.480,-0.108
7.485,-0.090
7.490,-0.100
7.495,-0.077
7.500,-0.048
7.505,-0.056
7.510,-0.055
7.515,-0.035
7.520,-0.022
7.525,0.010
7.530,0.047
7.535,0.048
7.540,0.027
7.545,0.029
7.550,0.050
7.555,0.039
7.560,0.031
7.565,0.058
7.570,0.053
7.575,0.022
7.580,0.016
7.585,0.034
7.590,0.037
7.595,0.025
7.600,0.031
7.605,0.010
7.610,-0.004
7.615,0.004
7.620,-0.010
7.625,0.001
7.630,0.033
7.635,0.042
7.640,0.038
7.645,0.035
7.650,-0.065
7.655,-0.359
7.660,-0.777
7.665,-1.209
7.670,-1.546
7.675,-1.554
7.680,-1.060
7.685,-0.328
7.690,0.281
7.695,0.592
7.700,0.599
7.705,0.532
7.710,0.497
7.715,0.409
7.720,0.298
7.725,0.257
7.730,0.257
7.735,0.235
7.740,0.199
7.745,0.196
7.750,0.201
7.755,0.192
7.760,0.207
7.765,0.205
7.770,0.142
7.775,0.116
7.780,0.149
7.785,0.147
7.790,0.133
7.795,0.141
7.800,0.124
7.805,0.094
7.810,0.090
7.815,0.088
7.820,0.066
7.825,0.054
7.830,0.064
7.835,0.051
7.840,0.024
7.845,0.024
7.850,0.027
7.855,0.006
7.860,0.000
7.865,0.006
7.870,-0.032
7.875,-0.063
7.880,-0.051
7.885,-0.061
7.890,-0.092
7.895,-0.099
7.900,-0.108
7.905,-0.139
7.910,-0.155
7.915,-0.152
7.920,-0.171
7.925,-0.190
7.930,-0.177
7.935,-0.181
7.940,-0.201
7.945,-0.183
7.950,-0.161
7.955,-0.154
7.960,-0.121
7.965,-0.084
7.970,-0.057
7.975,-0.011
7.980,0.049
7.985,0.078
7.990,0.095
7.995,0.144
8.000,0.183
8.005,0.179
8.010,0.174
8.015,0.192
8.020,0.190
8.025,0.174
8.030,0.184
8.035,0.182
8.040,0.163
8.045,0.174
8.050,0.175
8.055,0.141
8.060,0.130
8.065,0.135
8.070,0.123
8.075,0.108
8.080,0.112
8.085,0.107
8.090,0.090
8.095,0.103
8.100,0.095
8.105,0.048
8.110,0.051
8.115,0.079
8.120,0.065
8.125,0.039
8.130,0.033
8.135,0.022
8.140,0.007
8.145,0.019
8.150,0.025
8.155,0.005
8.160,0.016
8.165,0.032
8.170,0.008
8.175,0.000
8.180,0.014
8.185,0.000
8.190,-0.010
8.195,0.013
8.200,0.021
8.205,-0.010
8.210,-0.016
8.215,0.000
8.220,-0.007
8.225,0.003
8.230,0.032
8.235,0.014
8.240,-0.018
8.245,-0.006
8.250,0.004
8.255,-0.009
8.260,-0.004
8.265,0.012
8.270,0.004
8.275,-0.013
8.280,0.001
8.285,-0.002
8.290,-0.033
8.295,-0.034
8.300,-0.036
8.305,-0.070
8.310,-0.073
8.315,-0.047
8.320,-0.063
8.325,-0.094
8.330,-0.096
8.335,-0.108
8.340,-0.116
8.345,-0.084
8.350,-0.065
8.355,-0.071
8.360,-0.051
8.365,-0.024
8.370,-0.031
8.375,-0.026
8.380,0.018
8.385,0.032
8.390,0.017
8.395,0.040
8.400,0.058
8.405,0.038
8.410,0.045
8.415,0.064
8.420,0.045
8.425,0.028
8.430,0.043
8.435,0.038
8.440,0.017
8.445,0.024
8.450,0.026
8.455,0.008
8.460,0.007
8.465,0.012
8.470,-0.008
8.475,-0.013
8.480,0.010
8.485,0.016
8.490,0.028
8.495,0.061
8.500,0.049
8.505,-0.050
8.510,-0.260
8.515,-0.645
8.520,-1.146
8.525,-1.565
8.530,-1.716
8.535,-1.388
8.540,-0.639
8.545,0.119
8.550,0.542
8.555,0.595
8.560,0.553
8.565,0.551
8.570,0.472
8.575,0.350
8.580,0.292
8.585,0.268
8.590,0.245
8.595,0.247
8.600,0.237
8.605,0.198
8.610,0.188
8.615,0.195
8.620,0.169
8.625,0.154
8.630,0.179
8.635,0.166
8.640,0.124
8.645,0.125
8.650,0.127
8.655,0.098
8.660,0.101
8.665,0.118
8.670,0.091
8.675,0.067
8.680,0.075
8.685,0.065
8.690,0.046
8.695,0.048
8.700,0.040
8.705,0.013
8.710,0.014
8.715,0.025
8.720,-0.008
8.725,-0.045
8.730,-0.047
8.735,-0.056
8.740,-0.081
8.745,-0.077
8.750,-0.080
8.755,-0.131
8.760,-0.151
8.765,-0.131
8.770,-0.149
8.775,-0.172
8.780,-0.167
8.785,-0.182
8.790,-0.201
8.795,-0.183
8.800,-0.175
8.805,-0.192
8.810,-0.168
8.815,-0.119
8.820,-0.098
8.825,-0.065
8.830,-0.002
8.835,0.037
8.840,0.055
8.845,0.101
8.850,0.133
8.855,0.128
8.860,0.146
8.865,0.171
8.870,0.170
8.875,0.170
8.880,0.180
8.885,0.170
8.890,0.149
8.895,0.158
8.900,0.160
8.905,0.131
8.910,0.130
8.915,0.147
8.920,0.127
8.925,0.105
8.930,0.110
8.935,0.097
8.940,0.071
8.945,0.080
8.950,0.090
8.955,0.067
8.960,0.063
8.965,0.063
8.970,0.026
8.975,0.018
8.980,0.048
8.985,0.035
8.990,0.002
8.995,0.015
9.000,0.026
9.005,0.000
9.010,-0.005
9.015,0.010
9.020,-0.009
9.025,-0.023
9.030,0.000
9.035,-0.001
9.040,-0.024
9.045,-0.009
9.050,0.002
9.055,-0.019
9.060,-0.018
9.065,-0.005
9.070,-0.022
9.075,-0.021
9.080,0.006
9.085,-0.006
9.090,-0.019
9.095,0.002
9.100,0.001
9.105,-0.022
9.110,-0.015
9.115,0.004
9.120,-0.010
9.125,-0.020
9.130,0.009
9.135,0.007
9.140,-0.029
9.145,-0.021
9.150,0.003
9.155,-0.013
9.160,-0.019
9.165,-0.010
9.170,-0.033
9.175,-0.051
9.180,-0.049
9.185,-0.078
9.190,-0.104
9.195,-0.065
9.200,-0.041
9.205,-0.081
9.210,-0.105
9.215,-0.102
9.220,-0.111
9.225,-0.103
9.230,-0.078
9.235,-0.076
9.240,-0.072
9.245,-0.039
9.250,-0.018
9.255,-0.025
9.260,0.005
9.265,0.044
9.270,0.033
9.275,0.026
9.280,0.052
9.285,0.056
9.290,0.040
9.295,0.056
9.300,0.065
9.305,0.039
9.310,0.042
9.315,0.057
9.320,0.029
9.325,0.017
9.330,0.043
9.335,0.032
9.340,0.007
9.345,0.021
9.350,0.023
9.355,-0.006
9.360,-0.004
9.365,0.032
9.370,0.048
9.375,0.042
9.380,0.043
9.385,-0.022
9.390,-0.248
9.395,-0.630
9.400,-1.106
9.405,-1.536
9.410,-1.685
9.415,-1.345
9.420,-0.642
9.425,0.064
9.430,0.521
9.435,0.628
9.440,0.569
9.445,0.540
9.450,0.456
9.455,0.328
9.460,0.285
9.465,0.286
9.470,0.260
9.475,0.243
9.480,0.250
9.485,0.228
9.490,0.192
9.495,0.199
9.500,0.206
9.505,0.177
9.510,0.166
9.515,0.175
9.520,0.156
9.525,0.135
9.530,0.147
9.535,0.140
9.540,0.105
9.545,0.103
9.550,0.107
9.555,0.083
9.560,0.073
9.565,0.081
9.570,0.058
9.575,0.039
9.580,0.049
9.585,0.033
9.590,0.005
9.595,0.016
9.600,0.012
9.605,-0.030
9.610,-0.038
9.615,-0.035
9.620,-0.072
9.625,-0.085
9.630,-0.076
9.635,-0.103
9.640,-0.138
9.645,-0.143
9.650,-0.153
9.655,-0.182
9.660,-0.187
9.665,-0.175
9.670,-0.188
9.675,-0.198
9.680,-0.187
9.685,-0.189
9.690,-0.181
9.695,-0.136
9.700,-0.101
9.705,-0.090
9.710,-0.038
9.715,0.039
9.720,0.064
9.725,0.081
9.730,0.133
9.735,0.158
9.740,0.151
9.745,0.172
9.750,0.190
9.755,0.173
9.760,0.181
9.765,0.188
9.770,0.152
9.775,0.148
9.780,0.174
9.785,0.161
9.790,0.140
9.795,0.147
9.800,0.142
9.805,0.113
9.810,0.110
9.815,0.121
9.820,0.096
9.825,0.074
9.830,0.085
9.835,0.081
9.840,0.060
9.845,0.061
9.850,0.057
9.855,0.032
9.860,0.031
9.865,0.043
9.870,0.020
9.875,0.003
9.880,0.029
9.885,0.020
9.890,-0.015
9.895,0.010
9.900,0.031
9.905,-0.010
9.910,-0.017
9.915,0.014
9.920,0.000
9.925,-0.011
9.930,0.004
9.935,-0.007
9.940,-0.016
9.945,-0.007
9.950,-0.018
9.955,-0.028
9.960,-0.009
9.965,0.003
9.970,-0.013
9.975,-0.019
9.980,0.004
9.985,0.001
9.990,-0.019
9.995,-0.006
10.000,0.001
10.005,-0.021
10.010,-0.015
10.015,0.006
10.020,-0.009
10.025,-0.017
10.030,-0.003
10.035,-0.015
10.040,-0.033
10.045,-0.016
10.050,-0.013
10.055,-0.039
10.060,-0.028
10.065,-0.001
10.070,-0.017
10.075,-0.036
10.080,-0.024
10.085,-0.034
10.090,-0.066
10.095,-0.072
10.100,-0.077
10.105,-0.095
10.110,-0.079
10.115,-0.063
10.120,-0.101
10.125,-0.131
10.130,-0.109
10.135,-0.102
10.140,-0.112
10.145,-0.086
10.150,-0.058
10.155,-0.059
10.160,-0.036
10.165,-0.005
10.170,-0.014
10.175,-0.015
10.180,0.022
10.185,0.041
10.190,0.029
10.195,0.039
10.200,0.054
10.205,0.040
10.210,0.040
10.215,0.056
10.220,0.037
10.225,0.030
10.230,0.048
10.235,0.023
10.240,0.001
10.245,0.025
10.250,0.027
10.255,0.011
10.260,0.019
10.265,0.023
10.270,0.002
10.275,0.000
10.280,0.035
10.285,0.036
10.290,0.007
10.295,-0.027
10.300,-0.190
10.305,-0.570
10.310,-1.043
10.315,-1.446
10.320,-1.633
10.325,-1.379
10.330,-0.707
10.335,0.001
10.340,0.460
10.345,0.614
10.350,0.581
10.355,0.510
10.360,0.427
10.365,0.346
10.370,0.286
10.375,0.258
10.380,0.267
10.385,0.254
10.390,0.225
10.395,0.232
10.400,0.233
10.405,0.196
10.410,0.184
10.415,0.193
10.420,0.174
10.425,0.160
10.430,0.170
10.435,0.155
10.440,0.127
10.445,0.129
10.450,0.129
10.455,0.100
10.460,0.094
10.465,0.108
10.470,0.084
10.475,0.066
10.480,0.080
10.485,0.063
10.490,0.034
10.495,0.039
10.500,0.036
10.505,0.005
10.510,-0.001
10.515,0.006
10.520,-0.027
10.525,-0.052
10.530,-0.042
10.535,-0.058
10.540,-0.095
10.545,-0.102
10.550,-0.109
10.555,-0.143
10.560,-0.155
10.565,-0.149
10.570,-0.176
10.575,-0.199
10.580,-0.183
10.585,-0.183
10.590,-0.207
10.595,-0.193
10.600,-0.169
10.605,-0.162
10.610,-0.124
10.615,-0.065
10.620,-0.039
10.625,-0.006
10.630,0.060
10.635,0.096
10.640,0.108
10.645,0.148
10.650,0.176
10.655,0.164
10.660,0.174
10.665,0.200
10.670,0.193
10.675,0.189
10.680,0.203
10.685,0.183
10.690,0.148
10.695,0.151
10.700,0.161
10.705,0.137
10.710,0.130
10.715,0.140
10.720,0.121
10.725,0.110
10.730,0.121
10.735,0.098
10.740,0.067
10.745,0.080
10.750,0.090
10.755,0.063
10.760,0.053
10.765,0.062
10.770,0.040
10.775,0.026
10.780,0.042
10.785,0.031
10.790,-0.003
10.795,0.003
10.800,0.023
10.805,0.012
10.810,0.008
10.815,0.016
10.820,0.002
10.825,-0.008
10.830,0.004
10.835,0.003
10.840,-0.009
10.845,-0.006
10.850,-0.008
10.855,-0.020
10.860,-0.011
10.865,-0.001
10.870,-0.022
10.875,-0.027
10.880,-0.002
10.885,-0.003
10.890,-0.018
10.895,-0.002
10.900,0.007
10.905,-0.017
10.910,-0.019
10.915,0.002
10.920,-0.008
10.925,-0.017
10.930,-0.003
10.935,-0.007
10.940,-0.029
10.945,-0.026
10.950,-0.018
10.955,-0.036
10.960,-0.031
10.965,-0.008
10.970,-0.029
10.975,-0.050
10.980,-0.040
10.985,-0.056
10.990,-0.086
10.995,-0.078
11.000,-0.066
11.005,-0.079
11.010,-0.090
11.015,-0.104
11.020,-0.138
11.025,-0.142
11.030,-0.101
11.035,-0.090
11.040,-0.095
11.045,-0.052
11.050,-0.024
11.055,-0.036
11.060,-0.019
11.065,0.016
11.070,0.019
11.075,0.020
11.080,0.047
11.085,0.047
11.090,0.028
11.095,0.047
11.100,0.062
11.105,0.041
11.110,0.040
11.115,0.056
11.120,0.040
11.125,0.024
11.130,0.037
11.135,0.028
11.140,0.000
11.145,0.004
11.150,0.007
11.155,-0.013
11.160,-0.008
11.165,0.014
11.170,0.017
11.175,0.034
11.180,0.057
11.185,0.034
11.190,-0.041
11.195,-0.218
11.200,-0.594
11.205,-1.096
11.210,-1.494
11.215,-1.625
11.220,-1.318
11.225,-0.606
11.230,0.125
11.235,0.534
11.240,0.597
11.245,0.555
11.250,0.530
11.255,0.439
11.260,0.335
11.265,0.293
11.270,0.258
11.275,0.234
11.280,0.248
11.285,0.236
11.290,0.200
11.295,0.199
11.300,0.202
11.305,0.169
11.310,0.152
11.315,0.170
11.320,0.161
11.325,0.136
11.330,0.133
11.335,0.121
11.340,0.099
11.345,0.104
11.350,0.110
11.355,0.094
11.360,0.086
11.365,0.087
11.370,0.069
11.375,0.049
11.380,0.045
11.385,0.029
11.390,0.008
11.395,0.021
11.400,0.027
11.405,-0.015
11.410,-0.031
11.415,-0.021
11.420,-0.049
11.425,-0.073
11.430,-0.069
11.435,-0.089
11.440,-0.124
11.445,-0.137
11.450,-0.146
11.455,-0.162
11.460,-0.163
11.465,-0.160
11.470,-0.186
11.475,-0.203
11.480,-0.191
11.485,-0.190
11.490,-0.193
11.495,-0.164
11.500,-0.126
11.505,-0.111
11.510,-0.081
11.515,-0.022
11.520,0.022
11.525,0.065
11.530,0.115
11.535,0.139
11.540,0.147
11.545,0.167
11.550,0.181
11.555,0.170
11.560,0.172
11.565,0.184
11.570,0.169
11.575,0.166
11.580,0.182
11.585,0.170
11.590,0.149
11.595,0.161
11.600,0.162
11.605,0.128
11.610,0.117
11.615,0.127
11.620,0.101
11.625,0.082
11.630,0.106
11.635,0.099
11.640,0.063
11.645,0.071
11.650,0.085
11.655,0.047
11.660,0.030
11.665,0.048
11.670,0.025
11.675,0.013
11.680,0.042
11.685,0.026
11.690,-0.009
11.695,0.015
11.700,0.035
11.705,0.002
11.710,-0.006
11.715,0.017
11.720,-0.001
11.725,-0.021
11.730,0.000
11.735,0.009
11.740,-0.005
11.745,-0.001
11.750,0.006
11.755,-0.016
11.760,-0.020
11.765,0.000
11.770,-0.008
11.775,-0.014
11.780,0.007
11.785,0.008
11.790,-0.006
11.795,0.001
11.800,0.003
11.805,-0.010
11.810,-0.005
11.815,0.002
11.820,-0.019
11.825,-0.030
11.830,-0.002
11.835,0.004
11.840,-0.023
11.845,-0.021
11.850,-0.007
11.855,-0.021
11.860,-0.044
11.865,-0.060
11.870,-0.082
11.875,-0.093
11.880,-0.071
11.885,-0.061
11.890,-0.087
11.895,-0.105
11.900,-0.111
11.905,-0.125
11.910,-0.114
11.915,-0.094
11.920,-0.099
11.925,-0.084
11.930,-0.031
11.935,-0.012
11.940,-0.030
11.945,0.001
11.950,0.028
11.955,0.004
11.960,0.020
11.965,0.048
11.970,0.033
11.975,0.036
11.980,0.065
11.985,0.044
11.990,0.023
11.995,0.059
12.000,0.057
12.005,0.023
12.010,0.028
12.015,0.038
12.020,0.020
12.025,0.008
12.030,0.015
12.035,-0.003
12.040,-0.023
12.045,-0.006
12.050,0.005
12.055,0.021
12.060,0.061
12.065,0.075
12.070,0.026
12.075,-0.134
12.080,-0.468
12.085,-0.969
12.090,-1.466
12.095,-1.762
12.100,-1.639
12.105,-0.985
12.110,-0.150
12.115,0.437
12.120,0.627
12.125,0.590
12.130,0.586
12.135,0.551
12.140,0.420
12.145,0.340
12.150,0.309
12.155,0.258
12.160,0.244
12.165,0.262
12.170,0.236
12.175,0.201
12.180,0.214
12.185,0.212
12.190,0.180
12.195,0.182
12.200,0.180
12.205,0.146
12.210,0.133
12.215,0.136
12.220,0.122
12.225,0.113
12.230,0.126
12.235,0.116
12.240,0.078
12.245,0.072
12.250,0.077
12.255,0.051
12.260,0.042
12.265,0.054
12.270,0.039
12.275,0.020
12.280,0.014
12.285,-0.010
12.290,-0.031
12.295,-0.020
12.300,-0.023
12.305,-0.064
12.310,-0.080
12.315,-0.087
12.320,-0.125
12.325,-0.128
12.330,-0.111
12.335,-0.142
12.340,-0.182
12.345,-0.178
12.350,-0.170
12.355,-0.195
12.360,-0.199
12.365,-0.178
12.370,-0.180
12.375,-0.178
12.380,-0.139
12.385,-0.106
12.390,-0.080
12.395,-0.013
12.400,0.041
12.405,0.049
12.410,0.080
12.415,0.135
12.420,0.154
12.425,0.156
12.430,0.177
12.435,0.185
12.440,0.177
12.445,0.188
12.450,0.191
12.455,0.164
12.460,0.163
12.465,0.176
12.470,0.146
12.475,0.127
12.480,0.146
12.485,0.133
12.490,0.106
12.495,0.117
12.500,0.114
12.505,0.077
12.510,0.080
12.515,0.103
12.520,0.076
12.525,0.046
12.530,0.057
12.535,0.061
12.540,0.040
12.545,0.040
12.550,0.040
12.555,0.015
12.560,0.011
12.565,0.013
12.570,-0.004
12.575,-0.009
12.580,-0.004
12.585,-0.007
12.590,-0.020
12.595,-0.014
12.600,-0.004
12.605,-0.024
12.610,-0.024
12.615,-0.003
12.620,-0.016
12.625,-0.026
12.630,-0.009
12.635,-0.010
12.640,-0.024
12.645,-0.012
12.650,-0.008
12.655,-0.026
12.660,-0.015
12.665,0.005
12.670,-0.012
12.675,-0.019
12.680,-0.002
12.685,-0.011
12.690,-0.030
12.695,-0.012
12.700,0.002
12.705,-0.028
12.710,-0.035
12.715,-0.028
12.720,-0.062
12.725,-0.077
12.730,-0.055
12.735,-0.057
12.740,-0.083
12.745,-0.094
12.750,-0.098
12.755,-0.118
12.760,-0.113
12.765,-0.079
12.770,-0.072
12.775,-0.067
12.780,-0.038
12.785,-0.027
12.790,-0.032
12.795,-0.008
12.800,0.020
12.805,0.015
12.810,0.029
12.815,0.056
12.820,0.048
12.825,0.040
12.830,0.062
12.835,0.064
12.840,0.034
12.845,0.035
12.850,0.050
12.855,0.026
12.860,0.016
12.865,0.035
12.870,0.028
12.875,0.012
12.880,0.022
12.885,0.012
12.890,-0.013
12.895,-0.004
12.900,0.013
12.905,0.021
12.910,0.047
12.915,0.061
12.920,0.012
12.925,-0.121
12.930,-0.402
12.935,-0.876
12.940,-1.399
12.945,-1.739
12.950,-1.678
12.955,-1.103
12.960,-0.291
12.965,0.352
12.970,0.619
12.975,0.604
12.980,0.577
12.985,0.524
12.990,0.395
12.995,0.324
13.000,0.304
13.005,0.269
13.010,0.258
13.015,0.263
13.020,0.240
13.025,0.222
13.030,0.228
13.035,0.217
13.040,0.192
13.045,0.192
13.050,0.182
13.055,0.147
13.060,0.150
13.065,0.166
13.070,0.134
13.075,0.110
13.080,0.126
13.085,0.117
13.090,0.093
13.095,0.097
13.100,0.092
13.105,0.062
13.110,0.052
13.115,0.059
13.120,0.045
13.125,0.026
13.130,0.026
13.135,0.011
13.140,-0.023
13.145,-0.023
13.150,-0.021
13.155,-0.058
13.160,-0.074
13.165,-0.070
13.170,-0.105
13.175,-0.135
13.180,-0.125
13.185,-0.142
13.190,-0.184
13.195,-0.190
13.200,-0.183
13.205,-0.197
13.210,-0.194
13.215,-0.185
13.220,-0.199
13.225,-0.186
13.230,-0.140
13.235,-0.110
13.240,-0.085
13.245,-0.031
13.250,0.019
13.255,0.040
13.260,0.081
13.265,0.128
13.270,0.135
13.275,0.147
13.280,0.183
13.285,0.188
13.290,0.175
13.295,0.187
13.300,0.193
13.305,0.171
13.310,0.165
13.315,0.173
13.320,0.155
13.325,0.142
13.330,0.154
13.335,0.138
13.340,0.111
13.345,0.120
13.350,0.119
13.355,0.088
13.360,0.083
13.365,0.097
13.370,0.077
13.375,0.065
13.380,0.081
13.385,0.062
13.390,0.027
13.395,0.038
13.400,0.049
13.405,0.023
13.410,0.018
13.415,0.025
13.420,-0.003
13.425,-0.016
13.430,0.010
13.435,0.001
13.440,-0.024
13.445,-0.008
13.450,-0.001
13.455,-0.026
13.460,-0.027
13.465,-0.009
13.470,-0.017
13.475,-0.026
13.480,-0.007
13.485,-0.006
13.490,-0.022
13.495,-0.008
13.500,-0.001
13.505,-0.025
13.510,-0.029
13.515,-0.007
13.520,-0.014
13.525,-0.024
13.530,-0.007
13.535,-0.008
13.540,-0.020
13.545,-0.001
13.550,0.000
13.555,-0.027
13.560,-0.016
13.565,0.007
13.570,-0.016
13.575,-0.031
13.580,-0.009
13.585,-0.015
13.590,-0.037
13.595,-0.022
13.600,-0.023
13.605,-0.064
13.610,-0.075
13.615,-0.064
13.620,-0.080
13.625,-0.083
13.630,-0.064
13.635,-0.087
13.640,-0.125
13.645,-0.110
13.650,-0.088
13.655,-0.100
13.660,-0.091
13.665,-0.060
13.670,-0.056
13.675,-0.046
13.680,-0.012
13.685,-0.006
13.690,-0.008
13.695,0.024
13.700,0.043
13.705,0.028
13.710,0.036
13.715,0.059
13.720,0.049
13.725,0.044
13.730,0.061
13.735,0.048
13.740,0.026
13.745,0.043
13.750,0.046
13.755,0.018
13.760,0.021
13.765,0.039
13.770,0.015
13.775,-0.005
13.780,0.007
13.785,0.003
13.790,-0.005
13.795,0.031
13.800,0.057
13.805,0.027
13.810,0.001
13.815,-0.088
13.820,-0.385
13.825,-0.846
13.830,-1.307
13.835,-1.640
13.840,-1.632
13.845,-1.100
13.850,-0.324
13.855,0.284
13.860,0.587
13.865,0.611
13.870,0.547
13.875,0.497
13.880,0.414
13.885,0.321
13.890,0.270
13.895,0.270
13.900,0.268
13.905,0.240
13.910,0.236
13.915,0.238
13.920,0.210
13.925,0.196
13.930,0.207
13.935,0.193
13.940,0.167
13.945,0.172
13.950,0.167
13.955,0.133
13.960,0.128
13.965,0.139
13.970,0.115
13.975,0.099
13.980,0.107
13.985,0.085
13.990,0.061
13.995,0.079
14.000,0.078
14.005,0.039
14.010,0.032
14.015,0.046
14.020,0.026
14.025,0.002
14.030,0.004
14.035,-0.016
14.040,-0.050
14.045,-0.050
14.050,-0.057
14.055,-0.096
14.060,-0.103
14.065,-0.096
14.070,-0.133
14.075,-0.163
14.080,-0.155
14.085,-0.169
14.090,-0.202
14.095,-0.197
14.100,-0.190
14.105,-0.209
14.110,-0.200
14.115,-0.171
14.120,-0.168
14.125,-0.146
14.130,-0.083
14.135,-0.044
14.140,-0.017
14.145,0.044
14.150,0.090
14.155,0.101
14.160,0.135
14.165,0.176
14.170,0.172
14.175,0.169
14.180,0.196
14.185,0.201
14.190,0.184
14.195,0.191
14.200,0.191
14.205,0.161
14.210,0.158
14.215,0.174
14.220,0.148
14.225,0.123
14.230,0.132
14.235,0.122
14.240,0.102
14.245,0.118
14.250,0.118
14.255,0.078
14.260,0.071
14.265,0.087
14.270,0.070
14.275,0.053
14.280,0.061
14.285,0.051
14.290,0.026
14.295,0.030
14.300,0.033
14.305,0.010
14.310,0.014
14.315,0.031
14.320,0.008
14.325,-0.009
14.330,0.009
14.335,0.001
14.340,-0.025
14.345,-0.012
14.350,-0.001
14.355,-0.020
14.360,-0.018
14.365,0.000
14.370,-0.014
14.375,-0.025
14.380,-0.005
14.385,-0.007
14.390,-0.024
14.395,-0.005
14.400,0.005
14.405,-0.017
14.410,-0.016
14.415,0.001
14.420,-0.011
14.425,-0.020
14.430,-0.006
14.435,-0.016
14.440,-0.033
14.445,-0.014
14.450,-0.004
14.455,-0.022
14.460,-0.016
14.465,-0.002
14.470,-0.024
14.475,-0.034
14.480,-0.014
14.485,-0.022
14.490,-0.048
14.495,-0.038
14.500,-0.036
14.505,-0.076
14.510,-0.085
14.515,-0.068
14.520,-0.080
14.525,-0.086
14.530,-0.086
14.535,-0.114
14.540,-0.127
14.545,-0.098
14.550,-0.085
14.555,-0.105
14.560,-0.081
14.565,-0.038
14.570,-0.041
14.575,-0.038
14.580,-0.009
14.585,0.001
14.590,0.003
14.595,0.032
14.600,0.047
14.605,0.034
14.610,0.049
14.615,0.067
14.620,0.046
14.625,0.034
14.630,0.053
14.635,0.048
14.640,0.027
14.645,0.037
14.650,0.037
14.655,0.009
14.660,0.009
14.665,0.024
14.670,0.006
14.675,-0.008
14.680,0.013
14.685,0.010
14.690,-0.001
14.695,0.033
14.700,0.037
14.705,-0.011
14.710,-0.097
14.715,-0.340
14.720,-0.793
14.725,-1.273
14.730,-1.590
14.735,-1.596
14.740,-1.138
14.745,-0.383
14.750,0.266
14.755,0.573
14.760,0.598
14.765,0.565
14.770,0.498
14.775,0.386
14.780,0.325
14.785,0.285
14.790,0.252
14.795,0.264
14.800,0.257
14.805,0.220
14.810,0.221
14.815,0.230
14.820,0.201
14.825,0.178
14.830,0.190
14.835,0.182
14.840,0.155
14.845,0.159
14.850,0.158
14.855,0.124
14.860,0.118
14.865,0.127
14.870,0.103
14.875,0.089
14.880,0.102
14.885,0.087
14.890,0.062
14.895,0.069
14.900,0.064
14.905,0.029
14.910,0.023
14.915,0.032
14.920,0.007
14.925,-0.013
14.930,-0.005
14.935,-0.020
14.940,-0.053
14.945,-0.060
14.950,-0.069
14.955,-0.108
14.960,-0.125
14.965,-0.123
14.970,-0.151
14.975,-0.173
14.980,-0.168
14.985,-0.182
14.990,-0.208
14.995,-0.204
15.000,-0.198
15.005,-0.215
15.010,-0.199
15.015,-0.157
15.020,-0.141
15.025,-0.111
15.030,-0.045
15.035,-0.002
15.040,0.021
15.045,0.073
15.050,0.118
15.055,0.125
15.060,0.149
15.065,0.186
15.070,0.186
15.075,0.183
15.080,0.203
15.085,0.195
15.090,0.174
15.095,0.191
15.100,0.194
15.105,0.159
15.110,0.154
15.115,0.165
15.120,0.138
15.125,0.118
15.130,0.131
15.135,0.119
15.140,0.092
15.145,0.101
15.150,0.102
15.155,0.075
15.160,0.079
15.165,0.083
15.170,0.053
15.175,0.043
15.180,0.061
15.185,0.053
15.190,0.029
15.195,0.034
15.200,0.038
15.205,0.015
15.210,0.009
15.215,0.015
15.220,-0.002
15.225,-0.013
15.230,0.000
15.235,-0.004
15.240,-0.019
15.245,-0.004
15.250,0.004
15.255,-0.019
15.260,-0.015
15.265,0.006
15.270,-0.011
15.275,-0.023
15.280,-0.003
15.285,-0.011
15.290,-0.027
15.295,-0.009
15.300,-0.001
15.305,-0.022
15.310,-0.016
15.315,0.003
15.320,-0.014
15.325,-0.024
15.330,-0.004
15.335,-0.006
15.340,-0.026
15.345,-0.016
15.350,-0.010
15.355,-0.030
15.360,-0.025
15.365,-0.008
15.370,-0.021
15.375,-0.030
15.380,-0.015
15.385,-0.028
15.390,-0.056
15.395,-0.054
15.400,-0.063
15.405,-0.095
15.410,-0.091
15.415,-0.067
15.420,-0.077
15.425,-0.096
15.430,-0.096
15.435,-0.110
15.440,-0.127
15.445,-0.107
15.450,-0.086
15.455,-0.083
15.460,-0.062
15.465,-0.036
15.470,-0.035
15.475,-0.024
15.480,0.012
15.485,0.018
15.490,0.006
15.495,0.034
15.500,0.056
15.505,0.043
15.510,0.043
15.515,0.058
15.520,0.047
15.525,0.032
15.530,0.046
15.535,0.040
15.540,0.009
15.545,0.024
15.550,0.043
15.555,0.019
15.560,0.017
15.565,0.028
15.570,0.005
15.575,-0.006
15.580,0.007
15.585,0.013
15.590,0.022
15.595,0.036
15.600,0.018
15.605,-0.085
15.610,-0.320
15.615,-0.716
15.620,-1.197
15.625,-1.558
15.630,-1.585
15.635,-1.158
15.640,-0.449
15.645,0.211
15.650,0.570
15.655,0.593
15.660,0.546
15.665,0.516
15.670,0.400
15.675,0.305
15.680,0.287
15.685,0.263
15.690,0.237
15.695,0.247
15.700,0.246
15.705,0.210
15.710,0.196
15.715,0.206
15.720,0.185
15.725,0.163
15.730,0.169
15.735,0.158
15.740,0.135
15.745,0.143
15.750,0.148
15.755,0.119
15.760,0.104
15.765,0.113
15.770,0.096
15.775,0.075
15.780,0.087
15.785,0.077
15.790,0.047
15.795,0.051
15.800,0.049
15.805,0.021
15.810,0.014
15.815,0.017
15.820,-0.012
15.825,-0.032
15.830,-0.025
15.835,-0.044
15.840,-0.072
15.845,-0.072
15.850,-0.088
15.855,-0.126
15.860,-0.141
15.865,-0.138
15.870,-0.155
15.875,-0.177
15.880,-0.175
15.885,-0.188
15.890,-0.212
15.895,-0.203
15.900,-0.191
15.905,-0.200
15.910,-0.181
15.915,-0.136
15.920,-0.111
15.925,-0.076
15.930,-0.013
15.935,0.031
15.940,0.060
15.945,0.111
15.950,0.149
15.955,0.153
15.960,0.171
15.965,0.198
15.970,0.191
15.975,0.185
15.980,0.201
15.985,0.192
15.990,0.171
15.995,0.180
16.000,0.178
16.005,0.149
16.010,0.147
16.015,0.157
16.020,0.133
16.025,0.114
16.030,0.126
16.035,0.119
16.040,0.096
16.045,0.106
16.050,0.104
16.055,0.070
16.060,0.060
16.065,0.066
16.070,0.050
16.075,0.044
16.080,0.062
16.085,0.046
16.090,0.014
16.095,0.023
16.100,0.029
16.105,0.005
16.110,0.008
16.115,0.026
16.120,0.006
16.125,-0.017
16.130,-0.004
16.135,0.000
16.140,-0.013
16.145,-0.001
16.150,0.008
16.155,-0.014
16.160,-0.014
16.165,0.001
16.170,-0.012
16.175,-0.021
16.180,0.000
16.185,-0.002
16.190,-0.018
16.195,-0.003
16.200,0.004
16.205,-0.020
16.210,-0.022
16.215,-0.008
16.220,-0.017
16.225,-0.023
16.230,-0.008
16.235,-0.011
16.240,-0.024
16.245,-0.011
16.250,-0.008
16.255,-0.032
16.260,-0.032
16.265,-0.020
16.270,-0.044
16.275,-0.069
16.280,-0.068
16.285,-0.078
16.290,-0.090
16.295,-0.070
16.300,-0.074
16.305,-0.117
16.310,-0.123
16.315,-0.100
16.320,-0.105
16.325,-0.108
16.330,-0.079
16.335,-0.063
16.340,-0.067
16.345,-0.032
16.350,-0.002
16.355,-0.012
16.360,0.005
16.365,0.038
16.370,0.030
16.375,0.026
16.380,0.051
16.385,0.052
16.390,0.040
16.395,0.055
16.400,0.054
16.405,0.026
16.410,0.029
16.415,0.048
16.420,0.029
16.425,0.013
16.430,0.031
16.435,0.025
16.440,0.000
16.445,0.008
16.450,0.009
16.455,-0.015
16.460,-0.001
16.465,0.041
16.470,0.036
16.475,0.012
16.480,-0.002
16.485,-0.149
16.490,-0.500
16.495,-0.939
16.500,-1.363
16.505,-1.631
16.510,-1.461
16.515,-0.826
16.520,-0.110
16.525,0.404
16.530,0.613
16.535,0.576
16.540,0.517
16.545,0.473
16.550,0.377
16.555,0.287
16.560,0.259
16.565,0.261
16.570,0.238
16.575,0.216
16.580,0.226
16.585,0.211
16.590,0.182
16.595,0.185
16.600,0.184
16.605,0.158
16.610,0.155
16.615,0.164
16.620,0.141
16.625,0.120
16.630,0.129
16.635,0.117
16.640,0.089
16.645,0.095
16.650,0.097
16.655,0.071
16.660,0.067
16.665,0.074
16.670,0.048
16.675,0.030
16.680,0.041
16.685,0.027
16.690,0.000
16.695,0.002
16.700,-0.007
16.705,-0.041
16.710,-0.045
16.715,-0.043
16.720,-0.076
16.725,-0.099
16.730,-0.095
16.735,-0.113
16.740,-0.146
16.745,-0.150
16.750,-0.154
16.755,-0.183
16.760,-0.190
16.765,-0.178
16.770,-0.199
16.775,-0.208
16.780,-0.185
16.785,-0.180
16.790,-0.173
16.795,-0.122
16.800,-0.073
16.805,-0.047
16.810,0.003
16.815,0.063
16.820,0.085
16.825,0.108
16.830,0.151
16.835,0.165
16.840,0.161
16.845,0.187
16.850,0.204
16.855,0.185
16.860,0.185
16.865,0.196
16.870,0.175
16.875,0.161
16.880,0.171
16.885,0.158
16.890,0.139
16.895,0.149
16.900,0.145
16.905,0.114
16.910,0.106
16.915,0.110
16.920,0.086
16.925,0.078
16.930,0.095
16.935,0.082
16.940,0.056
16.945,0.062
16.950,0.064
16.955,0.038
16.960,0.029
16.965,0.036
16.970,0.021
16.975,0.015
16.980,0.029
16.985,0.018
16.990,0.000
16.995,0.012
17.000,0.007
17.005,-0.018
17.010,-0.005
17.015,0.010
17.020,-0.010
17.025,-0.015
17.030,0.004
17.035,-0.004
17.040,-0.021
17.045,-0.006
17.050,0.000
17.055,-0.020
17.060,-0.010
17.065,0.011
17.070,-0.007
17.075,-0.023
17.080,-0.007
17.085,-0.008
17.090,-0.022
17.095,-0.005
17.100,0.001
17.105,-0.022
17.110,-0.017
17.115,0.001
17.120,-0.015
17.125,-0.025
17.130,-0.007
17.135,-0.014
17.140,-0.031
17.145,-0.016
17.150,-0.013
17.155,-0.039
17.160,-0.045
17.165,-0.050
17.170,-0.087
17.175,-0.098
17.180,-0.072
17.185,-0.073
17.190,-0.096
17.195,-0.102
17.200,-0.108
17.205,-0.120
17.210,-0.105
17.215,-0.081
17.220,-0.084
17.225,-0.070
17.230,-0.033
17.235,-0.029
17.240,-0.037
17.245,-0.008
17.250,0.025
17.255,0.025
17.260,0.034
17.265,0.055
17.270,0.046
17.275,0.039
17.280,0.057
17.285,0.048
17.290,0.032
17.295,0.049
17.300,0.048
17.305,0.016
17.310,0.017
17.315,0.035
17.320,0.016
17.325,0.008
17.330,0.025
17.335,0.010
17.340,-0.012
17.345,0.005
17.350,0.019
17.355,0.015
17.360,0.020
17.365,0.019
17.370,-0.059
17.375,-0.269
17.380,-0.636
17.385,-1.104
17.390,-1.491
17.395,-1.577
17.400,-1.223
17.405,-0.568
17.410,0.099
17.415,0.526
17.420,0.602
17.425,0.541
17.430,0.505
17.435,0.405
17.440,0.298
17.445,0.275
17.450,0.267
17.455,0.239
17.460,0.232
17.465,0.237
17.470,0.214
17.475,0.197
17.480,0.204
17.485,0.186
17.490,0.163
17.495,0.170
17.500,0.163
17.505,0.133
17.510,0.135
17.515,0.145
17.520,0.120
17.525,0.103
17.530,0.110
17.535,0.097
17.540,0.077
17.545,0.082
17.550,0.079
17.555,0.052
17.560,0.044
17.565,0.046
17.570,0.025
17.575,0.013
17.580,0.020
17.585,0.006
17.590,-0.028
17.595,-0.037
17.600,-0.042
17.605,-0.069
17.610,-0.076
17.615,-0.078
17.620,-0.116
17.625,-0.143
17.630,-0.142
17.635,-0.158
17.640,-0.182
17.645,-0.177
17.650,-0.178
17.655,-0.204
17.660,-0.208
17.665,-0.194
17.670,-0.199
17.675,-0.188
17.680,-0.140
17.685,-0.108
17.690,-0.086
17.695,-0.032
17.700,0.018
17.705,0.045
17.710,0.087
17.715,0.134
17.720,0.152
17.725,0.164
17.730,0.189
17.735,0.189
17.740,0.174
17.745,0.191
17.750,0.203
17.755,0.183
17.760,0.182
17.765,0.192
17.770,0.163
17.775,0.141
17.780,0.152
17.785,0.138
17.790,0.113
17.795,0.120
17.800,0.119
17.805,0.093
17.810,0.088
17.815,0.095
17.820,0.074
17.825,0.064
17.830,0.082
17.835,0.073
17.840,0.045
17.845,0.052
17.850,0.056
17.855,0.033
17.860,0.028
17.865,0.027
17.870,0.003
17.875,0.001
17.880,0.021
17.885,0.011
17.890,-0.008
17.895,0.005
17.900,0.012
17.905,-0.009
17.910,-0.004
17.915,0.014
17.920,-0.006
17.925,-0.023
17.930,-0.007
17.935,-0.004
17.940,-0.019
17.945,-0.012
17.950,-0.001
17.955,-0.014
17.960,-0.011
17.965,0.003
17.970,-0.010
17.975,-0.019
17.980,-0.002
17.985,-0.005
17.990,-0.020
17.995,-0.004
18.000,-0.002
18.005,-0.029
18.010,-0.024
18.015,-0.006
18.020,-0.018
18.025,-0.022
18.030,-0.005
18.035,-0.018
18.040,-0.044
18.045,-0.039
18.050,-0.043
18.055,-0.078
18.060,-0.084
18.065,-0.065
18.070,-0.071
18.075,-0.078
18.080,-0.084
18.085,-0.119
18.090,-0.137
18.095,-0.113
18.100,-0.095
18.105,-0.100
18.110,-0.081
18.115,-0.049
18.120,-0.046
18.125,-0.032
18.130,0.004
18.135,0.008
18.140,0.001
18.145,0.027
18.150,0.042
18.155,0.035
18.160,0.048
18.165,0.068
18.170,0.051
18.175,0.034
18.180,0.048
18.185,0.047
18.190,0.025
18.195,0.026
18.200,0.031
18.205,0.018
18.210,0.012
18.215,0.011
18.220,-0.007
18.225,-0.011
18.230,0.010
18.235,0.009
18.240,0.009
18.245,0.047
18.250,0.060
18.255,0.029
18.260,-0.039
18.265,-0.251
18.270,-0.689
18.275,-1.171
18.280,-1.506
18.285,-1.589
18.290,-1.187
18.295,-0.413
18.300,0.232
18.305,0.529
18.310,0.581
18.315,0.555
18.320,0.507
18.325,0.422
18.330,0.337
18.335,0.269
18.340,0.225
18.345,0.230
18.350,0.236
18.355,0.208
18.360,0.192
18.365,0.195
18.370,0.176
18.375,0.150
18.380,0.152
18.385,0.151
18.390,0.132
18.395,0.133
18.400,0.125
18.405,0.095
18.410,0.095
18.415,0.104
18.420,0.083
18.425,0.076
18.430,0.087
18.435,0.069
18.440,0.042
18.445,0.051
18.450,0.049
18.455,0.009
18.460,0.003
18.465,0.020
18.470,-0.002
18.475,-0.021
18.480,-0.016
18.485,-0.039
18.490,-0.068
18.495,-0.067
18.500,-0.080
18.505,-0.109
18.510,-0.111
18.515,-0.117
18.520,-0.152
18.525,-0.161
18.530,-0.145
18.535,-0.166
18.540,-0.192
18.545,-0.181
18.550,-0.181
18.555,-0.209
18.560,-0.193
18.565,-0.142
18.570,-0.131
18.575,-0.116
18.580,-0.052
18.585,-0.004
18.590,0.018
18.595,0.067
18.600,0.113
18.605,0.126
18.610,0.147
18.615,0.179
18.620,0.180
18.625,0.164
18.630,0.182
18.635,0.194
18.640,0.174
18.645,0.172
18.650,0.178
18.655,0.155
18.660,0.153
18.665,0.165
18.670,0.137
18.675,0.117
18.680,0.130
18.685,0.113
18.690,0.094
18.695,0.113
18.700,0.109
18.705,0.079
18.710,0.079
18.715,0.076
18.720,0.047
18.725,0.042
18.730,0.052
18.735,0.037
18.740,0.024
18.745,0.038
18.750,0.044
18.755,0.014
18.760,0.003
18.765,0.020
18.770,0.009
18.775,-0.010
18.780,0.006
18.785,0.013
18.790,-0.007
18.795,-0.003
18.800,-0.001
18.805,-0.016
18.810,-0.001
18.815,0.020
18.820,0.000
18.825,-0.013
18.830,0.004
18.835,0.001
18.840,-0.012
18.845,0.001
18.850,0.001
18.855,-0.019
18.860,-0.011
18.865,0.006
18.870,-0.009
18.875,-0.016
18.880,0.001
18.885,-0.004
18.890,-0.017
18.895,-0.014
18.900,-0.034
18.905,-0.061
18.910,-0.056
18.915,-0.056
18.920,-0.077
18.925,-0.078
18.930,-0.062
18.935,-0.084
18.940,-0.121
18.945,-0.113
18.950,-0.091
18.955,-0.090
18.960,-0.084
18.965,-0.062
18.970,-0.057
18.975,-0.042
18.980,-0.008
18.985,0.001
18.990,0.002
18.995,0.022
19.000,0.040
19.005,0.041
19.010,0.050
19.015,0.056
19.020,0.040
19.025,0.046
19.030,0.063
19.035,0.044
19.040,0.028
19.045,0.040
19.050,0.030
19.055,0.009
19.060,0.024
19.065,0.038
19.070,0.015
19.075,0.004
19.080,0.011
19.085,-0.015
19.090,-0.025
19.095,0.027
19.100,0.064
19.105,0.050
19.110,0.040
19.115,-0.050
19.120,-0.356
19.125,-0.829
19.130,-1.306
19.135,-1.676
19.140,-1.712
19.145,-1.162
19.150,-0.325
19.155,0.299
19.160,0.597
19.165,0.631
19.170,0.566
19.175,0.527
19.180,0.455
19.185,0.336
19.190,0.272
19.195,0.273
19.200,0.254
19.205,0.222
19.210,0.228
19.215,0.232
19.220,0.198
19.225,0.185
19.230,0.189
19.235,0.168
19.240,0.146
19.245,0.145
19.250,0.140
19.255,0.123
19.260,0.127
19.265,0.129
19.270,0.095
19.275,0.086
19.280,0.099
19.285,0.082
19.290,0.062
19.295,0.069
19.300,0.060
19.305,0.029
19.310,0.025
19.315,0.025
19.320,0.002
19.325,-0.010
19.330,-0.003
19.335,-0.019
19.340,-0.050
19.345,-0.056
19.350,-0.062
19.355,-0.091
19.360,-0.104
19.365,-0.100
19.370,-0.131
19.375,-0.153
19.380,-0.146
19.385,-0.174
19.390,-0.205
19.395,-0.187
19.400,-0.179
19.405,-0.203
19.410,-0.188
19.415,-0.152
19.420,-0.149
19.425,-0.126
19.430,-0.070
19.435,-0.039
19.440,-0.009
19.445,0.044
19.450,0.083
19.455,0.106
19.460,0.148
19.465,0.182
19.470,0.164
19.475,0.160
19.480,0.181
19.485,0.168
19.490,0.158
19.495,0.183
19.500,0.194
19.505,0.164
19.510,0.145
19.515,0.148
19.520,0.130
19.525,0.123
19.530,0.132
19.535,0.117
19.540,0.102
19.545,0.111
19.550,0.102
19.555,0.072
19.560,0.071
19.565,0.074
19.570,0.053
19.575,0.042
19.580,0.058
19.585,0.053
19.590,0.024
19.595,0.022
19.600,0.021
19.605,0.003
19.610,0.002
19.615,0.010
19.620,-0.003
19.625,-0.010
19.630,0.004
19.635,-0.008
19.640,-0.029
19.645,-0.017
19.650,-0.006
19.655,-0.022
19.660,-0.016
19.665,0.006
19.670,-0.009
19.675,-0.020
19.680,0.000
19.685,-0.010
19.690,-0.034
19.695,-0.016
19.700,0.002
19.705,-0.017
19.710,-0.018
19.715,-0.004
19.720,-0.017
19.725,-0.015
19.730,0.011
19.735,-0.001
19.740,-0.017
19.745,-0.013
19.750,-0.027
19.755,-0.050
19.760,-0.052
19.765,-0.052
19.770,-0.074
19.775,-0.079
19.780,-0.060
19.785,-0.081
19.790,-0.114
19.795,-0.100
19.800,-0.092
19.805,-0.107
19.810,-0.090
19.815,-0.063
19.820,-0.062
19.825,-0.051
19.830,-0.017
19.835,-0.004
19.840,0.003
19.845,0.027
19.850,0.031
19.855,0.020
19.860,0.048
19.865,0.072
19.870,0.048
19.875,0.040
19.880,0.054
19.885,0.041
19.890,0.032
19.895,0.051
19.900,0.054
19.905,0.028
19.910,0.020
19.915,0.032
19.920,0.019
19.925,0.007
19.930,0.013
19.935,0.000
19.940,-0.015
19.945,0.014
19.950,0.049
19.955,0.046
19.960,0.036
19.965,-0.015
19.970,-0.222
19.975,-0.605
19.980,-1.080
19.985,-1.536
19.990,-1.774
19.995,-1.489
20.000,-0.742
20.005,0.014
20.010,0.505
20.015,0.649
20.020,0.581
20.025,0.542
20.030,0.493
20.035,0.378
20.040,0.297
20.045,0.279
20.050,0.275
20.055,0.255
20.060,0.247
20.065,0.242
20.070,0.214
20.075,0.204
20.080,0.218
20.085,0.190
20.090,0.157
20.095,0.173
20.100,0.173
20.105,0.139
20.110,0.136
20.115,0.141
20.120,0.109
20.125,0.102
20.130,0.122
20.135,0.101
20.140,0.071
20.145,0.076
20.150,0.071
20.155,0.047
20.160,0.044
20.165,0.042
20.170,0.011
20.175,-0.001
20.180,0.012
20.185,-0.008
20.190,-0.039
20.195,-0.037
20.200,-0.051
20.205,-0.089
20.210,-0.098
20.215,-0.098
20.220,-0.128
20.225,-0.153
20.230,-0.156
20.235,-0.172
20.240,-0.191
20.245,-0.178
20.250,-0.178
20.255,-0.204
20.260,-0.198
20.265,-0.181
20.270,-0.183
20.275,-0.151
20.280,-0.088
20.285,-0.056
20.290,-0.026
20.295,0.036
20.300,0.075
20.305,0.081
20.310,0.119
20.315,0.167
20.320,0.168
20.325,0.167
20.330,0.192
20.335,0.189
20.340,0.172
20.345,0.180
20.350,0.177
20.355,0.151
20.360,0.155
20.365,0.171
20.370,0.144
20.375,0.127
20.380,0.139
20.385,0.120
20.390,0.097
20.395,0.107
20.400,0.104
20.405,0.081
20.410,0.084
20.415,0.083
20.420,0.051
20.425,0.042
20.430,0.056
20.435,0.043
20.440,0.026
20.445,0.034
20.450,0.029
20.455,0.008
20.460,0.016
20.465,0.027
20.470,-0.001
20.475,-0.017
20.480,-0.002
20.485,-0.009
20.490,-0.022
20.495,-0.009
20.500,-0.008
20.505,-0.030
20.510,-0.026
20.515,-0.011
20.520,-0.018
20.525,-0.018
20.530,-0.005
20.535,-0.017
20.540,-0.023
20.545,-0.003
20.550,-0.004
20.555,-0.023
20.560,-0.013
20.565,-0.004
20.570,-0.026
20.575,-0.027
20.580,-0.001
20.585,-0.004
20.590,-0.020
20.595,-0.008
20.600,-0.005
20.605,-0.024
20.610,-0.016
20.615,-0.006
20.620,-0.029
20.625,-0.036
20.630,-0.018
20.635,-0.037
20.640,-0.073
20.645,-0.069
20.650,-0.063
20.655,-0.077
20.660,-0.071
20.665,-0.078
20.670,-0.117
20.675,-0.123
20.680,-0.093
20.685,-0.093
20.690,-0.103
20.695,-0.074
20.700,-0.043
20.705,-0.044
20.710,-0.033
20.715,-0.010
20.720,-0.011
20.725,-0.002
20.730,0.027
20.735,0.036
20.740,0.042
20.745,0.067
20.750,0.067
20.755,0.040
20.760,0.041
20.765,0.049
20.770,0.033
20.775,0.034
20.780,0.051
20.785,0.034
20.790,0.013
20.795,0.026
20.800,0.024
20.805,0.002
20.810,0.004
20.815,0.013
20.820,-0.002
20.825,0.004
20.830,0.048
20.835,0.050
20.840,0.014
20.845,-0.028
20.850,-0.208
20.855,-0.598
20.860,-1.071
20.865,-1.486
20.870,-1.684
20.875,-1.405
20.880,-0.697
20.885,0.024
20.890,0.479
20.895,0.623
20.900,0.581
20.905,0.523
20.910,0.450
20.915,0.352
20.920,0.280
20.925,0.264
20.930,0.276
20.935,0.258
20.940,0.229
20.945,0.233
20.950,0.224
20.955,0.192
20.960,0.191
20.965,0.199
20.970,0.170
20.975,0.158
20.980,0.168
20.985,0.144
20.990,0.123
20.995,0.134
21.000,0.129
21.005,0.102
21.010,0.099
21.015,0.104
21.020,0.078
21.025,0.066
21.030,0.080
21.035,0.059
21.040,0.035
21.045,0.046
21.050,0.031
21.055,-0.003
21.060,-0.001
21.065,-0.003
21.070,-0.036
21.075,-0.048
21.080,-0.044
21.085,-0.071
21.090,-0.101
21.095,-0.102
21.100,-0.117
21.105,-0.156
21.110,-0.164
21.115,-0.158
21.120,-0.183
21.125,-0.194
21.130,-0.178
21.135,-0.192
21.140,-0.212
21.145,-0.188
21.150,-0.169
21.155,-0.164
21.160,-0.116
21.165,-0.054
21.170,-0.028
21.175,0.011
21.180,0.076
21.185,0.104
21.190,0.117
21.195,0.155
21.200,0.173
21.205,0.163
21.210,0.181
21.215,0.201
21.220,0.179
21.225,0.174
21.230,0.194
21.235,0.177
21.240,0.152
21.245,0.160
21.250,0.159
21.255,0.138
21.260,0.141
21.265,0.137
21.270,0.105
21.275,0.099
21.280,0.112
21.285,0.092
21.290,0.071
21.295,0.088
21.300,0.087
21.305,0.057
21.310,0.055
21.315,0.065
21.320,0.044
21.325,0.030
21.330,0.041
21.335,0.026
21.340,0.001
21.345,0.019
21.350,0.024
21.355,-0.005
21.360,-0.003
21.365,0.010
21.370,-0.009
21.375,-0.017
21.380,0.002
21.385,-0.009
21.390,-0.026
21.395,0.000
21.400,0.007
21.405,-0.022
21.410,-0.014
21.415,0.004
21.420,-0.017
21.425,-0.022
21.430,0.004
21.435,0.001
21.440,-0.018
21.445,-0.004
21.450,0.003
21.455,-0.020
21.460,-0.021
21.465,-0.008
21.470,-0.022
21.475,-0.024
21.480,-0.001
21.485,-0.012
21.490,-0.025
21.495,-0.003
21.500,-0.006
21.505,-0.029
21.510,-0.020
21.515,-0.011
21.520,-0.037
21.525,-0.038
21.530,-0.002
21.535,-0.008
21.540,-0.032
21.545,-0.017
21.550,-0.017
21.555,-0.043
21.560,-0.036
21.565,-0.026
21.570,-0.062
21.575,-0.084
21.580,-0.071
21.585,-0.082
21.590,-0.093
21.595,-0.073
21.600,-0.088
21.605,-0.125
21.610,-0.117
21.615,-0.099
21.620,-0.098
21.625,-0.084
21.630,-0.058
21.635,-0.052
21.640,-0.050
21.645,-0.023
21.650,-0.007
21.655,-0.008
21.660,0.016
21.665,0.041
21.670,0.029
21.675,0.032
21.680,0.060
21.685,0.057
21.690,0.040
21.695,0.048
21.700,0.051
21.705,0.039
21.710,0.045
21.715,0.050
21.720,0.026
21.725,0.012
21.730,0.024
21.735,0.014
21.740,-0.002
21.745,0.014
21.750,0.020
21.755,0.003
21.760,0.021
21.765,0.047
21.770,0.025
21.775,0.005
21.780,-0.043
21.785,-0.271
21.790,-0.693
21.795,-1.157
21.800,-1.524
21.805,-1.622
21.810,-1.230
21.815,-0.504
21.820,0.151
21.825,0.529
21.830,0.613
21.835,0.562
21.840,0.502
21.845,0.421
21.850,0.330
21.855,0.272
21.860,0.263
21.865,0.266
21.870,0.239
21.875,0.226
21.880,0.234
21.885,0.210
21.890,0.180
21.895,0.186
21.900,0.181
21.905,0.157
21.910,0.159
21.915,0.162
21.920,0.136
21.925,0.128
21.930,0.136
21.935,0.108
21.940,0.087
21.945,0.106
21.950,0.098
21.955,0.067
21.960,0.073
21.965,0.077
21.970,0.045
21.975,0.033
21.980,0.039
21.985,0.015
21.990,-0.004
21.995,0.000
22.000,-0.011
22.005,-0.036
22.010,-0.041
22.015,-0.049
22.020,-0.081
22.025,-0.099
22.030,-0.101
22.035,-0.133
22.040,-0.162
22.045,-0.151
22.050,-0.158
22.055,-0.191
22.060,-0.187
22.065,-0.177
22.070,-0.206
22.075,-0.213
22.080,-0.181
22.085,-0.175
22.090,-0.170
22.095,-0.114
22.100,-0.061
22.105,-0.034
22.110,0.018
22.115,0.070
22.120,0.089
22.125,0.121
22.130,0.166
22.135,0.175
22.140,0.169
22.145,0.185
22.150,0.195
22.155,0.184
22.160,0.191
22.165,0.200
22.170,0.178
22.175,0.166
22.180,0.168
22.185,0.141
22.190,0.128
22.195,0.151
22.200,0.145
22.205,0.111
22.210,0.110
22.215,0.114
22.220,0.087
22.225,0.082
22.230,0.090
22.235,0.066
22.240,0.049
22.245,0.065
22.250,0.065
22.255,0.037
22.260,0.031
22.265,0.031
22.270,0.014
22.275,0.016
22.280,0.033
22.285,0.018
22.290,-0.005
22.295,0.007
22.300,0.009
22.305,-0.017
22.310,-0.016
22.315,0.001
22.320,-0.013
22.325,-0.019
22.330,-0.003
22.335,-0.011
22.340,-0.018
22.345,0.001
22.350,-0.003
22.355,-0.024
22.360,-0.013
22.365,0.008
22.370,-0.008
22.375,-0.016
22.380,0.004
22.385,-0.008
22.390,-0.026
22.395,-0.009
22.400,-0.011
22.405,-0.033
22.410,-0.016
22.415,0.003
22.420,-0.016
22.425,-0.021
22.430,-0.006
22.435,-0.022
22.440,-0.033
22.445,-0.007
22.450,-0.009
22.455,-0.035
22.460,-0.025
22.465,-0.013
22.470,-0.031
22.475,-0.036
22.480,-0.024
22.485,-0.040
22.490,-0.066
22.495,-0.067
22.500,-0.077
22.505,-0.100
22.510,-0.088
22.515,-0.073
22.520,-0.103
22.525,-0.123
22.530,-0.110
22.535,-0.108
22.540,-0.109
22.545,-0.084
22.550,-0.065
22.555,-0.068
22.560,-0.049
22.565,-0.015
22.570,-0.012
22.575,-0.003
22.580,0.025
22.585,0.026
22.590,0.023
22.595,0.050
22.600,0.054
22.605,0.031
22.610,0.046
22.615,0.063
22.620,0.040
22.625,0.033
22.630,0.051
22.635,0.040
22.640,0.020
22.645,0.027
22.650,0.026
22.655,0.003
22.660,0.007
22.665,0.022
22.670,0.004
22.675,-0.004
22.680,0.022
22.685,0.031
22.690,0.018
22.695,0.023
22.700,-0.032
22.705,-0.258
22.710,-0.644
22.715,-1.107
22.720,-1.508
22.725,-1.616
22.730,-1.237
22.735,-0.541
22.740,0.116
22.745,0.529
22.750,0.616
22.755,0.550
22.760,0.516
22.765,0.436
22.770,0.317
22.775,0.273
22.780,0.277
22.785,0.251
22.790,0.223
22.795,0.233
22.800,0.230
22.805,0.198
22.810,0.193
22.815,0.198
22.820,0.174
22.825,0.164
22.830,0.173
22.835,0.146
22.840,0.112
22.845,0.122
22.850,0.131
22.855,0.111
22.860,0.110
22.865,0.116
22.870,0.086
22.875,0.068
22.880,0.076
22.885,0.054
22.890,0.038
22.895,0.056
22.900,0.045
22.905,0.006
22.910,0.005
22.915,0.009
22.920,-0.024
22.925,-0.040
22.930,-0.035
22.935,-0.061
22.940,-0.086
22.945,-0.080
22.950,-0.092
22.955,-0.133
22.960,-0.144
22.965,-0.145
22.970,-0.174
22.975,-0.187
22.980,-0.176
22.985,-0.191
22.990,-0.208
22.995,-0.192
23.000,-0.185
23.005,-0.188
23.010,-0.148
23.015,-0.099
23.020,-0.078
23.025,-0.040
23.030,0.022
23.035,0.056
23.040,0.082
23.045,0.127
23.050,0.155
23.055,0.160
23.060,0.182
23.065,0.203
23.070,0.188
23.075,0.182
23.080,0.200
23.085,0.187
23.090,0.165
23.095,0.173
23.100,0.167
23.105,0.141
23.110,0.147
23.115,0.152
23.120,0.122
23.125,0.111
23.130,0.127
23.135,0.110
23.140,0.086
23.145,0.093
23.150,0.087
23.155,0.062
23.160,0.066
23.165,0.070
23.170,0.043
23.175,0.037
23.180,0.053
23.185,0.031
23.190,0.008
23.195,0.025
23.200,0.025
23.205,0.003
23.210,0.006
23.215,0.014
23.220,-0.005
23.225,-0.011
23.230,0.008
23.235,-0.001
23.240,-0.017
23.245,0.000
23.250,-0.002
23.255,-0.027
23.260,-0.010
23.265,0.010
23.270,-0.011
23.275,-0.013
23.280,0.009
23.285,-0.007
23.290,-0.026
23.295,-0.007
23.300,-0.002
23.305,-0.016
23.310,-0.006
23.315,0.006
23.320,-0.017
23.325,-0.026
23.330,-0.004
23.335,-0.014
23.340,-0.034
23.345,-0.012
23.350,-0.008
23.355,-0.030
23.360,-0.019
23.365,-0.006
23.370,-0.030
23.375,-0.034
23.380,-0.010
23.385,-0.018
23.390,-0.038
23.395,-0.028
23.400,-0.021
23.405,-0.034
23.410,-0.026
23.415,-0.018
23.420,-0.042
23.425,-0.053
23.430,-0.046
23.435,-0.072
23.440,-0.097
23.445,-0.081
23.450,-0.075
23.455,-0.087
23.460,-0.086
23.465,-0.103
23.470,-0.134
23.475,-0.126
23.480,-0.098
23.485,-0.095
23.490,-0.093
23.495,-0.056
23.500,-0.036
23.505,-0.043
23.510,-0.018
23.515,0.012
23.520,0.009
23.525,0.013
23.530,0.042
23.535,0.037
23.540,0.027
23.545,0.057
23.550,0.066
23.555,0.043
23.560,0.048
23.565,0.057
23.570,0.033
23.575,0.031
23.580,0.046
23.585,0.026
23.590,0.012
23.595,0.030
23.600,0.026
23.605,0.000
23.610,0.006
23.615,0.015
23.620,0.000
23.625,0.022
23.630,0.054
23.635,0.028
23.640,-0.025
23.645,-0.150
23.650,-0.482
23.655,-0.963
23.660,-1.382
23.665,-1.603
23.670,-1.432
23.675,-0.801
23.680,-0.058
23.685,0.438
23.690,0.599
23.695,0.582
23.700,0.547
23.705,0.461
23.710,0.356
23.715,0.295
23.720,0.255
23.725,0.250
23.730,0.263
23.735,0.238
23.740,0.207
23.745,0.213
23.750,0.209
23.755,0.179
23.760,0.182
23.765,0.189
23.770,0.156
23.775,0.145
23.780,0.157
23.785,0.133
23.790,0.114
23.795,0.128
23.800,0.122
23.805,0.092
23.810,0.087
23.815,0.086
23.820,0.070
23.825,0.065
23.830,0.070
23.835,0.051
23.840,0.029
23.845,0.035
23.850,0.021
23.855,-0.015
23.860,-0.012
23.865,-0.006
23.870,-0.040
23.875,-0.060
23.880,-0.059
23.885,-0.088
23.890,-0.116
23.895,-0.106
23.900,-0.116
23.905,-0.155
23.910,-0.159
23.915,-0.157
23.920,-0.188
23.925,-0.201
23.930,-0.185
23.935,-0.195
23.940,-0.208
23.945,-0.179
23.950,-0.149
23.955,-0.136
23.960,-0.093
23.965,-0.041
23.970,-0.019
23.975,0.025
23.980,0.092
23.985,0.117
23.990,0.129
23.995,0.162
24.000,0.173
24.005,0.168
24.010,0.193
24.015,0.211
24.020,0.191
24.025,0.181
24.030,0.186
24.035,0.168
24.040,0.151
24.045,0.164
24.050,0.163
24.055,0.135
24.060,0.133
24.065,0.134
24.070,0.110
24.075,0.105
24.080,0.112
24.085,0.091
24.090,0.076
24.095,0.087
24.100,0.076
24.105,0.047
24.110,0.049
24.115,0.056
24.120,0.033
24.125,0.025
24.130,0.041
24.135,0.024
24.140,0.003
24.145,0.019
24.150,0.019
24.155,-0.004
24.160,0.000
24.165,0.006
24.170,-0.018
24.175,-0.014
24.180,0.009
24.185,-0.007
24.190,-0.023
24.195,-0.005
24.200,-0.002
24.205,-0.015
24.210,-0.003
24.215,0.009
24.220,-0.012
24.225,-0.018
24.230,0.000
24.235,-0.011
24.240,-0.024
24.245,-0.004
24.250,-0.001
24.255,-0.017
24.260,-0.008
24.265,-0.003
24.270,-0.026
24.275,-0.029
24.280,-0.007
24.285,-0.013
24.290,-0.029
24.295,-0.014
24.300,-0.015
24.305,-0.035
24.310,-0.022
24.315,-0.008
24.320,-0.027
24.325,-0.034
24.330,-0.019
24.335,-0.031
24.340,-0.056
24.345,-0.056
24.350,-0.072
24.355,-0.100
24.360,-0.081
24.365,-0.059
24.370,-0.082
24.375,-0.108
24.380,-0.112
24.385,-0.121
24.390,-0.117
24.395,-0.090
24.400,-0.086
24.405,-0.088
24.410,-0.057
24.415,-0.026
24.420,-0.023
24.425,-0.009
24.430,0.023
24.435,0.021
24.440,0.012
24.445,0.044
24.450,0.059
24.455,0.043
24.460,0.052
24.465,0.057
24.470,0.032
24.475,0.037
24.480,0.056
24.485,0.035
24.490,0.018
24.495,0.034
24.500,0.027
24.505,0.005
24.510,0.014
24.515,0.023
24.520,-0.001
24.525,-0.008
24.530,0.015
24.535,0.025
24.540,0.029
24.545,0.039
24.550,0.015
24.555,-0.102
24.560,-0.364
24.565,-0.790
24.570,-1.268
24.575,-1.584
24.580,-1.544
24.585,-1.050
24.590,-0.315
24.595,0.308
24.600,0.593
24.605,0.585
24.610,0.545
24.615,0.509
24.620,0.391
24.625,0.300
24.630,0.280
24.635,0.254
24.640,0.231
24.645,0.236
24.650,0.226
24.655,0.205
24.660,0.207
24.665,0.201
24.670,0.167
24.675,0.159
24.680,0.171
24.685,0.148
24.690,0.127
24.695,0.138
24.700,0.130
24.705,0.105
24.710,0.109
24.715,0.112
24.720,0.084
24.725,0.076
24.730,0.087
24.735,0.069
24.740,0.047
24.745,0.053
24.750,0.044
24.755,0.015
24.760,0.014
24.765,0.014
24.770,-0.015
24.775,-0.030
24.780,-0.024
24.785,-0.045
24.790,-0.073
24.795,-0.075
24.800,-0.093
24.805,-0.124
24.810,-0.124
24.815,-0.127
24.820,-0.163
24.825,-0.177
24.830,-0.169
24.835,-0.190
24.840,-0.205
24.845,-0.183
24.850,-0.181
24.855,-0.195
24.860,-0.172
24.865,-0.133
24.870,-0.114
24.875,-0.076
24.880,-0.012
24.885,0.025
24.890,0.056
24.895,0.108
24.900,0.134
24.905,0.136
24.910,0.170
24.915,0.197
24.920,0.178
24.925,0.179
24.930,0.203
24.935,0.189
24.940,0.172
24.945,0.182
24.950,0.172
24.955,0.145
24.960,0.151
24.965,0.158
24.970,0.127
24.975,0.115
24.980,0.128
24.985,0.111
24.990,0.089
24.995,0.099
25.000,0.092
25.005,0.065
25.010,0.071
25.015,0.078
25.020,0.048
25.025,0.039
25.030,0.056
25.035,0.036
25.040,0.009
25.045,0.023
25.050,0.026
25.055,0.004
25.060,0.007
25.065,0.019
25.070,0.002
25.075,-0.005
25.080,0.010
25.085,-0.008
25.090,-0.024
25.095,-0.002
25.100,0.000
25.105,-0.017
25.110,-0.004
25.115,0.006
25.120,-0.016
25.125,-0.015
25.130,0.005
25.135,-0.008
25.140,-0.020
25.145,0.004
25.150,0.008
25.155,-0.018
25.160,-0.015
25.165,0.002
25.170,-0.012
25.175,-0.016
25.180,0.001
25.185,-0.012
25.190,-0.031
25.195,-0.016
25.200,-0.014
25.205,-0.030
25.210,-0.015
25.215,-0.003
25.220,-0.023
25.225,-0.024
25.230,-0.006
25.235,-0.021
25.240,-0.031
25.245,-0.015
25.250,-0.029
25.255,-0.060
25.260,-0.063
25.265,-0.075
25.270,-0.102
25.275,-0.088
25.280,-0.058
25.285,-0.080
25.290,-0.116
25.295,-0.111
25.300,-0.111
25.305,-0.122
25.310,-0.097
25.315,-0.072
25.320,-0.073
25.325,-0.056
25.330,-0.020
25.335,-0.014
25.340,-0.012
25.345,0.018
25.350,0.027
25.355,0.020
25.360,0.042
25.365,0.058
25.370,0.044
25.375,0.043
25.380,0.059
25.385,0.042
25.390,0.027
25.395,0.050
25.400,0.048
25.405,0.016
25.410,0.022
25.415,0.040
25.420,0.020
25.425,0.011
25.430,0.022
25.435,0.003
25.440,-0.014
25.445,0.008
25.450,0.033
25.455,0.035
25.460,0.036
25.465,0.010
25.470,-0.135
25.475,-0.443
25.480,-0.873
25.485,-1.322
25.490,-1.601
25.495,-1.479
25.500,-0.914
25.505,-0.194
25.510,0.373
25.515,0.612
25.520,0.580
25.525,0.536
25.530,0.496
25.535,0.373
25.540,0.285
25.545,0.269
25.550,0.252
25.555,0.228
25.560,0.233
25.565,0.235
25.570,0.201
25.575,0.184
25.580,0.192
25.585,0.174
25.590,0.150
25.595,0.159
25.600,0.151
25.605,0.122
25.610,0.131
25.615,0.140
25.620,0.112
25.625,0.103
25.630,0.114
25.635,0.090
25.640,0.068
25.645,0.077
25.650,0.069
25.655,0.040
25.660,0.035
25.665,0.050
25.670,0.035
25.675,0.016
25.680,0.019
25.685,-0.005
25.690,-0.037
25.695,-0.037
25.700,-0.048
25.705,-0.072
25.710,-0.072
25.715,-0.085
25.720,-0.125
25.725,-0.136
25.730,-0.134
25.735,-0.165
25.740,-0.188
25.745,-0.169
25.750,-0.174
25.755,-0.204
25.760,-0.197
25.765,-0.180
25.770,-0.194
25.775,-0.180
25.780,-0.119
25.785,-0.085
25.790,-0.058
25.795,0.002
25.800,0.035
25.805,0.045
25.810,0.098
25.815,0.145
25.820,0.144
25.825,0.166
25.830,0.202
25.835,0.193
25.840,0.182
25.845,0.205
25.850,0.205
25.855,0.174
25.860,0.165
25.865,0.170
25.870,0.151
25.875,0.140
25.880,0.154
25.885,0.137
25.890,0.110
25.895,0.127
25.900,0.123
25.905,0.084
25.910,0.092
25.915,0.110
25.920,0.081
25.925,0.064
25.930,0.071
25.935,0.052
25.940,0.034
25.945,0.039
25.950,0.033
25.955,0.021
25.960,0.034
25.965,0.036
25.970,0.007
25.975,0.005
25.980,0.029
25.985,0.015
25.990,-0.013
25.995,-0.007
26.000,-0.008
26.005,-0.016
26.010,-0.005
26.015,0.003
26.020,-0.010
26.025,-0.015
26.030,-0.011
26.035,-0.027
26.040,-0.022
26.045,0.012
26.050,0.010
26.055,-0.015
26.060,-0.009
26.065,0.000
26.070,-0.022
26.075,-0.016
26.080,0.009
26.085,-0.010
26.090,-0.028
26.095,-0.003
26.100,-0.004
26.105,-0.036
26.110,-0.025
26.115,-0.003
26.120,-0.024
26.125,-0.029
26.130,-0.008
26.135,-0.022
26.140,-0.042
26.145,-0.027
26.150,-0.026
26.155,-0.048
26.160,-0.060
26.165,-0.063
26.170,-0.078
26.175,-0.082
26.180,-0.065
26.185,-0.091
26.190,-0.136
26.195,-0.121
26.200,-0.102
26.205,-0.121
26.210,-0.108
26.215,-0.071
26.220,-0.061
26.225,-0.046
26.230,-0.022
26.235,-0.024
26.240,-0.011
26.245,0.023
26.250,0.029
26.255,0.027
26.260,0.051
26.265,0.059
26.270,0.040
26.275,0.049
26.280,0.067
26.285,0.037
26.290,0.012
26.295,0.032
26.300,0.042
26.305,0.026
26.310,0.024
26.315,0.026
26.320,0.003
26.325,-0.004
26.330,0.014
26.335,-0.004
26.340,-0.020
26.345,0.015
26.350,0.046
26.355,0.047
26.360,0.048
26.365,0.020
26.370,-0.133
26.375,-0.468
26.380,-0.933
26.385,-1.394
26.390,-1.680
26.395,-1.518
26.400,-0.862
26.405,-0.105
26.410,0.424
26.415,0.614
26.420,0.568
26.425,0.539
26.430,0.518
26.435,0.403
26.440,0.295
26.445,0.269
26.450,0.255
26.455,0.226
26.460,0.223
26.465,0.223
26.470,0.195
26.475,0.186
26.480,0.198
26.485,0.177
26.490,0.152
26.495,0.158
26.500,0.155
26.505,0.125
26.510,0.119
26.515,0.125
26.520,0.104
26.525,0.096
26.530,0.105
26.535,0.084
26.540,0.062
26.545,0.075
26.550,0.073
26.555,0.040
26.560,0.034
26.565,0.042
26.570,0.016
26.575,0.005
26.580,0.014
26.585,-0.011
26.590,-0.035
26.595,-0.028
26.600,-0.045
26.605,-0.086
26.610,-0.093
26.615,-0.093
26.620,-0.125
26.625,-0.134
26.630,-0.125
26.635,-0.156
26.640,-0.181
26.645,-0.166
26.650,-0.171
26.655,-0.196
26.660,-0.189
26.665,-0.171
26.670,-0.176
26.675,-0.158
26.680,-0.106
26.685,-0.081
26.690,-0.064
26.695,-0.006
26.700,0.046
26.705,0.069
26.710,0.110
26.715,0.148
26.720,0.145
26.725,0.154
26.730,0.182
26.735,0.180
26.740,0.175
26.745,0.193
26.750,0.196
26.755,0.169
26.760,0.164
26.765,0.169
26.770,0.145
26.775,0.137
26.780,0.152
26.785,0.136
26.790,0.111
26.795,0.115
26.800,0.106
26.805,0.080
26.810,0.085
26.815,0.091
26.820,0.065
26.825,0.053
26.830,0.066
26.835,0.052
26.840,0.035
26.845,0.043
26.850,0.035
26.855,0.011
26.860,0.016
26.865,0.022
26.870,-0.001
26.875,-0.002
26.880,0.019
26.885,0.000
26.890,-0.021
26.895,0.006
26.900,0.010
26.905,-0.016
26.910,-0.009
26.915,0.005
26.920,-0.011
26.925,-0.011
26.930,0.008
26.935,-0.002
26.940,-0.012
26.945,0.005
26.950,0.006
26.955,-0.015
26.960,-0.007
26.965,0.005
26.970,-0.012
26.975,-0.010
26.980,0.006
26.985,-0.008
26.990,-0.020
26.995,-0.002
27.000,-0.003
27.005,-0.025
27.010,-0.018
27.015,-0.001
27.020,-0.014
27.025,-0.019
27.030,-0.006
27.035,-0.017
27.040,-0.028
27.045,-0.012
27.050,-0.015
27.055,-0.044
27.060,-0.046
27.065,-0.048
27.070,-0.083
27.075,-0.091
27.080,-0.063
27.085,-0.069
27.090,-0.094
27.095,-0.096
27.100,-0.108
27.105,-0.126
27.110,-0.106
27.115,-0.082
27.120,-0.090
27.125,-0.073
27.130,-0.041
27.135,-0.040
27.140,-0.034
27.145,0.004
27.150,0.026
27.155,0.016
27.160,0.033
27.165,0.054
27.170,0.039
27.175,0.041
27.180,0.065
27.185,0.052
27.190,0.035
27.195,0.048
27.200,0.043
27.205,0.022
27.210,0.032
27.215,0.040
27.220,0.013
27.225,0.010
27.230,0.031
27.235,0.007
27.240,-0.019
27.245,0.004
27.250,0.013
27.255,0.011
27.260,0.038
27.265,0.046
27.270,-0.010
27.275,-0.153
27.280,-0.468
27.285,-0.956
27.290,-1.412
27.295,-1.638
27.300,-1.477
27.305,-0.876
27.310,-0.118
27.315,0.421
27.320,0.590
27.325,0.564
27.330,0.553
27.335,0.482
27.340,0.358
27.345,0.305
27.350,0.274
27.355,0.243
27.360,0.250
27.365,0.249
27.370,0.217
27.375,0.209
27.380,0.216
27.385,0.190
27.390,0.168
27.395,0.177
27.400,0.166
27.405,0.137
27.410,0.140
27.415,0.151
27.420,0.125
27.425,0.103
27.430,0.108
27.435,0.100
27.440,0.085
27.445,0.093
27.450,0.087
27.455,0.057
27.460,0.050
27.465,0.050
27.470,0.028
27.475,0.018
27.480,0.024
27.485,0.004
27.490,-0.017
27.495,-0.013
27.500,-0.031
27.505,-0.068
27.510,-0.074
27.515,-0.077
27.520,-0.111
27.525,-0.127
27.530,-0.122
27.535,-0.147
27.540,-0.165
27.545,-0.155
27.550,-0.170
27.555,-0.197
27.560,-0.190
27.565,-0.181
27.570,-0.196
27.575,-0.187
27.580,-0.151
27.585,-0.133
27.590,-0.107
27.595,-0.041
27.600,0.004
27.605,0.018
27.610,0.069
27.615,0.127
27.620,0.138
27.625,0.150
27.630,0.178
27.635,0.178
27.640,0.173
27.645,0.197
27.650,0.197
27.655,0.172
27.660,0.179
27.665,0.186
27.670,0.158
27.675,0.148
27.680,0.155
27.685,0.133
27.690,0.114
27.695,0.130
27.700,0.130
27.705,0.102
27.710,0.100
27.715,0.101
27.720,0.073
27.725,0.068
27.730,0.082
27.735,0.060
27.740,0.035
27.745,0.049
27.750,0.048
27.755,0.020
27.760,0.025
27.765,0.034
27.770,0.006
27.775,-0.003
27.780,0.015
27.785,0.003
27.790,-0.012
27.795,0.005
27.800,0.003
27.805,-0.018
27.810,-0.009
27.815,-0.001
27.820,-0.019
27.825,-0.014
27.830,0.003
27.835,-0.012
27.840,-0.023
27.845,-0.007
27.850,-0.004
27.855,-0.020
27.860,-0.005
27.865,0.007
27.870,-0.019
27.875,-0.023
27.880,-0.002
27.885,-0.008
27.890,-0.018
27.895,-0.004
27.900,-0.006
27.905,-0.024
27.910,-0.015
27.915,-0.004
27.920,-0.022
27.925,-0.020
27.930,-0.008
27.935,-0.024
27.940,-0.030
27.945,-0.009
27.950,-0.013
27.955,-0.036
27.960,-0.021
27.965,-0.008
27.970,-0.035
27.975,-0.044
27.980,-0.041
27.985,-0.078
27.990,-0.104
27.995,-0.084
28.000,-0.074
28.005,-0.085
28.010,-0.085
28.015,-0.099
28.020,-0.129
28.025,-0.120
28.030,-0.090
28.035,-0.095
28.040,-0.088
28.045,-0.048
28.050,-0.037
28.055,-0.043
28.060,-0.012
28.065,0.024
28.070,0.015
28.075,0.016
28.080,0.046
28.085,0.044
28.090,0.037
28.095,0.061
28.100,0.059
28.105,0.032
28.110,0.043
28.115,0.056
28.120,0.033
28.125,0.030
28.130,0.046
28.135,0.024
28.140,0.003
28.145,0.024
28.150,0.020
28.155,-0.003
28.160,0.012
28.165,0.021
28.170,0.007
28.175,0.032
28.180,0.048
28.185,0.007
28.190,-0.067
28.195,-0.251
28.200,-0.649
28.205,-1.144
28.210,-1.508
28.215,-1.597
28.220,-1.260
28.225,-0.560
28.230,0.140
28.235,0.527
28.240,0.590
28.245,0.566
28.250,0.527
28.255,0.413
28.260,0.328
28.265,0.296
28.270,0.254
28.275,0.245
28.280,0.256
28.285,0.229
28.290,0.208
28.295,0.219
28.300,0.207
28.305,0.174
28.310,0.172
28.315,0.175
28.320,0.150
28.325,0.139
28.330,0.150
28.335,0.136
28.340,0.115
28.345,0.123
28.350,0.116
28.355,0.083
28.360,0.084
28.365,0.096
28.370,0.071
28.375,0.057
28.380,0.062
28.385,0.038
28.390,0.019
28.395,0.028
28.400,0.014
28.405,-0.015
28.410,-0.012
28.415,-0.015
28.420,-0.050
28.425,-0.064
28.430,-0.063
28.435,-0.093
28.440,-0.120
28.445,-0.115
28.450,-0.129
28.455,-0.165
28.460,-0.166
28.465,-0.170
28.470,-0.199
28.475,-0.196
28.480,-0.179
28.485,-0.196
28.490,-0.208
28.495,-0.174
28.500,-0.141
28.505,-0.126
28.510,-0.081
28.515,-0.027
28.520,-0.007
28.525,0.031
28.530,0.093
28.535,0.116
28.540,0.128
28.545,0.168
28.550,0.186
28.555,0.178
28.560,0.196
28.565,0.205
28.570,0.181
28.575,0.181
28.580,0.197
28.585,0.173
28.590,0.145
28.595,0.152
28.600,0.152
28.605,0.133
28.610,0.135
28.615,0.133
28.620,0.105
28.625,0.100
28.630,0.114
28.635,0.093
28.640,0.066
28.645,0.075
28.650,0.074
28.655,0.052
28.660,0.054
28.665,0.054
28.670,0.023
28.675,0.016
28.680,0.035
28.685,0.022
28.690,0.005
28.695,0.020
28.700,0.014
28.705,-0.016
28.710,-0.006
28.715,0.015
28.720,-0.007
28.725,-0.014
28.730,0.007
28.735,-0.006
28.740,-0.025
28.745,-0.008
28.750,-0.001
28.755,-0.019
28.760,-0.014
28.765,-0.002
28.770,-0.016
28.775,-0.014
28.780,0.008
28.785,-0.006
28.790,-0.026
28.795,-0.012
28.800,-0.005
28.805,-0.020
28.810,-0.010
28.815,0.004
28.820,-0.019
28.825,-0.022
28.830,0.000
28.835,-0.017
28.840,-0.030
28.845,-0.008
28.850,-0.010
28.855,-0.033
28.860,-0.022
28.865,-0.006
28.870,-0.026
28.875,-0.029
28.880,-0.014
28.885,-0.033
28.890,-0.047
28.895,-0.026
28.900,-0.031
28.905,-0.060
28.910,-0.063
28.915,-0.066
28.920,-0.089
28.925,-0.085
28.930,-0.066
28.935,-0.092
28.940,-0.128
28.945,-0.114
28.950,-0.103
28.955,-0.112
28.960,-0.090
28.965,-0.067
28.970,-0.071
28.975,-0.055
28.980,-0.015
28.985,-0.011
28.990,-0.012
28.995,0.021
29.000,0.027
29.005,0.016
29.010,0.040
29.015,0.061
29.020,0.045
29.025,0.042
29.030,0.056
29.035,0.040
29.040,0.026
29.045,0.048
29.050,0.048
29.055,0.022
29.060,0.025
29.065,0.024
29.070,-0.001
29.075,0.007
29.080,0.026
29.085,0.000
29.090,-0.014
29.095,0.020
29.100,0.040
29.105,0.020
29.110,0.014
29.115,-0.024
29.120,-0.227
29.125,-0.603
29.130,-1.045
29.135,-1.439
29.140,-1.597
29.145,-1.283
29.150,-0.614
29.155,0.049
29.160,0.497
29.165,0.624
29.170,0.556
29.175,0.511
29.180,0.447
29.185,0.335
29.190,0.276
29.195,0.275
29.200,0.255
29.205,0.219
29.210,0.221
29.215,0.227
29.220,0.201
29.225,0.192
29.230,0.200
29.235,0.176
29.240,0.154
29.245,0.168
29.250,0.164
29.255,0.135
29.260,0.135
29.265,0.132
29.270,0.094
29.275,0.083
29.280,0.104
29.285,0.091
29.290,0.072
29.295,0.083
29.300,0.072
29.305,0.039
29.310,0.044
29.315,0.052
29.320,0.027
29.325,0.015
29.330,0.010
29.335,-0.025
29.340,-0.051
29.345,-0.041
29.350,-0.048
29.355,-0.086
29.360,-0.100
29.365,-0.105
29.370,-0.137
29.375,-0.143
29.380,-0.133
29.385,-0.168
29.390,-0.191
29.395,-0.173
29.400,-0.189
29.405,-0.223
29.410,-0.215
29.415,-0.193
29.420,-0.186
29.425,-0.160
29.430,-0.108
29.435,-0.073
29.440,-0.049
29.445,0.001
29.450,0.044
29.455,0.066
29.460,0.115
29.465,0.160
29.470,0.164
29.475,0.177
29.480,0.199
29.485,0.187
29.490,0.181
29.495,0.204
29.500,0.203
29.505,0.176
29.510,0.177
29.515,0.183
29.520,0.157
29.525,0.142
29.530,0.147
29.535,0.129
29.540,0.118
29.545,0.135
29.550,0.123
29.555,0.089
29.560,0.094
29.565,0.102
29.570,0.078
29.575,0.071
29.580,0.080
29.585,0.059
29.590,0.037
29.595,0.041
29.600,0.031
29.605,0.009
29.610,0.023
29.615,0.046
29.620,0.025
29.625,0.017
29.630,0.031
29.635,0.008
29.640,-0.004
29.645,0.016
29.650,0.008
29.655,-0.019
29.660,-0.017
29.665,-0.010
29.670,-0.013
29.675,0.008
29.680,0.017
29.685,-0.020
29.690,-0.032
29.695,0.001
29.700,0.001
29.705,-0.024
29.710,-0.002
29.715,0.014
29.720,-0.017
29.725,-0.021
29.730,0.009
29.735,0.002
29.740,-0.035
29.745,-0.020
29.750,0.006
29.755,-0.015
29.760,-0.005
29.765,0.022
29.770,-0.004
29.775,-0.033
29.780,-0.039
29.785,-0.051
29.790,-0.067
29.795,-0.070
29.800,-0.073
29.805,-0.080
29.810,-0.071
29.815,-0.079
29.820,-0.123
29.825,-0.131
29.830,-0.109
29.835,-0.118
29.840,-0.114
29.845,-0.078
29.850,-0.057
29.855,-0.033
29.860,-0.007
29.865,-0.006
29.870,-0.014
29.875,-0.005
29.880,0.027
29.885,0.040
29.890,0.034
29.895,0.051
29.900,0.050
29.905,0.022
29.910,0.027
29.915,0.046
29.920,0.035
29.925,0.025
29.930,0.036
29.935,0.020
29.940,-0.004
29.945,0.021
29.950,0.016
29.955,-0.011
29.960,0.011
29.965,0.016
29.970,0.002
29.975,0.014
29.980,0.038
29.985,0.041
29.990,0.031
29.995,0.005
30.000,-0.185
30.005,-0.604
30.010,-1.084
30.015,-1.515
30.020,-1.772
30.025,-1.474
30.030,-0.667
30.035,0.078
30.040,0.499
30.045,0.623
30.050,0.573
30.055,0.519
30.060,0.484
30.065,0.396
30.070,0.291
30.075,0.254
30.080,0.265
30.085,0.249
30.090,0.220
30.095,0.219
30.100,0.202
30.105,0.169
30.110,0.179
30.115,0.186
30.120,0.151
30.125,0.139
30.130,0.158
30.135,0.147
30.140,0.116
30.145,0.118
30.150,0.120
30.155,0.086
30.160,0.082
30.165,0.099
30.170,0.066
30.175,0.039
30.180,0.059
30.185,0.051
30.190,0.029
30.195,0.045
30.200,0.033
30.205,-0.016
30.210,-0.020
30.215,-0.002
30.220,-0.025
30.225,-0.050
30.230,-0.046
30.235,-0.077
30.240,-0.118
30.245,-0.113
30.250,-0.134
30.255,-0.168
30.260,-0.147
30.265,-0.134
30.270,-0.167
30.275,-0.186
30.280,-0.178
30.285,-0.189
30.290,-0.211
30.295,-0.183
30.300,-0.166
30.305,-0.177
30.310,-0.125
30.315,-0.036
30.320,-0.005
30.325,0.003
30.330,0.051
30.335,0.082
30.340,0.110
30.345,0.162
30.350,0.171
30.355,0.175
30.360,0.199
30.365,0.188
30.370,0.167
30.375,0.182
30.380,0.209
30.385,0.196
30.390,0.163
30.395,0.156
30.400,0.149
30.405,0.133
30.410,0.144
30.415,0.159
30.420,0.137
30.425,0.115
30.430,0.119
30.435,0.098
30.440,0.088
30.445,0.104
30.450,0.076
30.455,0.033
30.460,0.034
30.465,0.049
30.470,0.033
30.475,0.029
30.480,0.046
30.485,0.030
30.490,0.007
30.495,0.016
30.500,0.016
30.505,-0.005
30.510,-0.010
30.515,0.004
30.520,-0.005
30.525,-0.007
30.530,0.014
30.535,-0.001
30.540,-0.014
30.545,0.001
30.550,-0.005
30.555,-0.018
30.560,-0.006
30.565,0.002
30.570,-0.019
30.575,-0.017
30.580,0.004
30.585,-0.019
30.590,-0.043
30.595,-0.013
30.600,0.005
30.605,-0.013
30.610,-0.009
30.615,-0.003
30.620,-0.020
30.625,-0.021
30.630,-0.014
30.635,-0.053
30.640,-0.095
30.645,-0.073
30.650,-0.050
30.655,-0.061
30.660,-0.065
30.665,-0.092
30.670,-0.127
30.675,-0.115
30.680,-0.084
30.685,-0.085
30.690,-0.096
30.695,-0.070
30.700,-0.051
30.705,-0.053
30.710,-0.017
30.715,0.018
30.720,-0.019
30.725,-0.038
30.730,0.034
30.735,0.076
30.740,0.055
30.745,0.067
30.750,0.077
30.755,0.047
30.760,0.049
30.765,0.063
30.770,0.030
30.775,0.013
30.780,0.035
30.785,0.029
30.790,0.008
30.795,0.012
30.800,0.004
30.805,-0.007
30.810,0.012
30.815,0.008
30.820,-0.012
30.825,0.019
30.830,0.066
30.835,0.051
30.840,0.003
30.845,-0.089
30.850,-0.362
30.855,-0.838
30.860,-1.332
30.865,-1.693
30.870,-1.758
30.875,-1.264
30.880,-0.400
30.885,0.284
30.890,0.587
30.895,0.633
30.900,0.587
30.905,0.527
30.910,0.459
30.915,0.376
30.920,0.290
30.925,0.260
30.930,0.273
30.935,0.264
30.940,0.245
30.945,0.243
30.950,0.225
30.955,0.199
30.960,0.204
30.965,0.202
30.970,0.169
30.975,0.165
30.980,0.175
30.985,0.142
30.990,0.118
30.995,0.129
31.000,0.126
31.005,0.109
31.010,0.107
31.015,0.103
31.020,0.074
31.025,0.060
31.030,0.072
31.035,0.057
31.040,0.034
31.045,0.042
31.050,0.035
31.055,-0.003
31.060,-0.010
31.065,-0.005
31.070,-0.036
31.075,-0.056
31.080,-0.057
31.085,-0.085
31.090,-0.114
31.095,-0.109
31.100,-0.118
31.105,-0.153
31.110,-0.162
31.115,-0.167
31.120,-0.192
31.125,-0.191
31.130,-0.170
31.135,-0.189
31.140,-0.217
31.145,-0.187
31.150,-0.150
31.155,-0.142
31.160,-0.102
31.165,-0.050
31.170,-0.028
31.175,0.020
31.180,0.082
31.185,0.099
31.190,0.118
31.195,0.164
31.200,0.174
31.205,0.165
31.210,0.193
31.215,0.207
31.220,0.174
31.225,0.166
31.230,0.187
31.235,0.169
31.240,0.142
31.245,0.153
31.250,0.150
31.255,0.123
31.260,0.130
31.265,0.138
31.270,0.108
31.275,0.093
31.280,0.106
31.285,0.093
31.290,0.072
31.295,0.081
31.300,0.077
31.305,0.051
31.310,0.048
31.315,0.048
31.320,0.023
31.325,0.018
31.330,0.037
31.335,0.020
31.340,0.002
31.345,0.019
31.350,0.010
31.355,-0.019
31.360,-0.008
31.365,0.008
31.370,-0.009
31.375,-0.016
31.380,0.001
31.385,-0.010
31.390,-0.024
31.395,0.000
31.400,0.002
31.405,-0.032
31.410,-0.034
31.415,-0.006
31.420,-0.006
31.425,-0.013
31.430,0.004
31.435,-0.001
31.440,-0.025
31.445,-0.011
31.450,-0.006
31.455,-0.030
31.460,-0.022
31.465,-0.008
31.470,-0.037
31.475,-0.058
31.480,-0.058
31.485,-0.077
31.490,-0.077
31.495,-0.051
31.500,-0.074
31.505,-0.127
31.510,-0.123
31.515,-0.092
31.520,-0.098
31.525,-0.088
31.530,-0.044
31.535,-0.038
31.540,-0.044
31.545,-0.016
31.550,-0.001
31.555,-0.007
31.560,0.015
31.565,0.041
31.570,0.028
31.575,0.036
31.580,0.069
31.585,0.057
31.590,0.037
31.595,0.052
31.600,0.056
31.605,0.040
31.610,0.042
31.615,0.039
31.620,0.012
31.625,0.010
31.630,0.029
31.635,0.012
31.640,-0.009
31.645,0.005
31.650,0.010
31.655,0.010
31.660,0.037
31.665,0.042
31.670,0.010
31.675,-0.037
31.680,-0.187
31.685,-0.564
31.690,-1.080
31.695,-1.521
31.700,-1.750
31.705,-1.561
31.710,-0.881
31.715,-0.084
31.720,0.444
31.725,0.627
31.730,0.609
31.735,0.547
31.740,0.456
31.745,0.367
31.750,0.314
31.755,0.276
31.760,0.282
31.765,0.289
31.770,0.247
31.775,0.231
31.780,0.246
31.785,0.225
31.790,0.194
31.795,0.197
31.800,0.193
31.805,0.160
31.810,0.157
31.815,0.165
31.820,0.142
31.825,0.134
31.830,0.139
31.835,0.115
31.840,0.095
31.845,0.103
31.850,0.089
31.855,0.054
31.860,0.057
31.865,0.072
31.870,0.043
31.875,0.018
31.880,0.029
31.885,0.016
31.890,-0.002
31.895,0.001
31.900,-0.024
31.905,-0.061
31.910,-0.066
31.915,-0.066
31.920,-0.092
31.925,-0.119
31.930,-0.127
31.935,-0.143
31.940,-0.168
31.945,-0.166
31.950,-0.176
31.955,-0.211
31.960,-0.209
31.965,-0.198
31.970,-0.216
31.975,-0.210
31.980,-0.178
31.985,-0.165
31.990,-0.136
31.995,-0.071
32.000,-0.029
32.005,-0.007
32.010,0.050
32.015,0.102
32.020,0.114
32.025,0.143
32.030,0.186
32.035,0.189
32.040,0.183
32.045,0.198
32.050,0.194
32.055,0.176
32.060,0.188
32.065,0.195
32.070,0.168
32.075,0.160
32.080,0.169
32.085,0.143
32.090,0.120
32.095,0.136
32.100,0.132
32.105,0.103
32.110,0.104
32.115,0.109
32.120,0.083
32.125,0.070
32.130,0.084
32.135,0.073
32.140,0.048
32.145,0.053
32.150,0.047
32.155,0.022
32.160,0.030
32.165,0.042
32.170,0.019
32.175,0.012
32.180,0.025
32.185,0.010
32.190,-0.014
32.195,-0.004
32.200,-0.001
32.205,-0.019
32.210,-0.010
32.215,0.007
32.220,-0.007
32.225,-0.016
32.230,-0.001
32.235,-0.008
32.240,-0.018
32.245,0.004
32.250,0.001
32.255,-0.019
32.260,-0.003
32.265,0.006
32.270,-0.024
32.275,-0.031
32.280,-0.009
32.285,-0.034
32.290,-0.071
32.295,-0.053
32.300,-0.050
32.305,-0.071
32.310,-0.054
32.315,-0.052
32.320,-0.105
32.325,-0.123
32.330,-0.093
32.335,-0.094
32.340,-0.105
32.345,-0.072
32.350,-0.045
32.355,-0.055
32.360,-0.038
32.365,-0.005
32.370,-0.005
32.375,0.002
32.380,0.029
32.385,0.031
32.390,0.030
32.395,0.063
32.400,0.068
32.405,0.039
32.410,0.045
32.415,0.050
32.420,0.030
32.425,0.035
32.430,0.047
32.435,0.025
32.440,0.012
32.445,0.029
32.450,0.019
32.455,-0.010
32.460,-0.001
32.465,0.008
32.470,-0.016
32.475,-0.002
32.480,0.043
32.485,0.032
32.490,-0.009
32.495,-0.081
32.500,-0.330
32.505,-0.784
32.510,-1.274
32.515,-1.647
32.520,-1.725
32.525,-1.270
32.530,-0.469
32.535,0.209
32.540,0.560
32.545,0.627
32.550,0.581
32.555,0.504
32.560,0.400
32.565,0.325
32.570,0.283
32.575,0.276
32.580,0.282
32.585,0.252
32.590,0.229
32.595,0.237
32.600,0.223
32.605,0.196
32.610,0.198
32.615,0.200
32.620,0.173
32.625,0.158
32.630,0.165
32.635,0.147
32.640,0.121
32.645,0.130
32.650,0.124
32.655,0.090
32.660,0.094
32.665,0.106
32.670,0.079
32.675,0.063
32.680,0.071
32.685,0.053
32.690,0.032
32.695,0.037
32.700,0.026
32.705,-0.006
32.710,-0.012
32.715,-0.017
32.720,-0.050
32.725,-0.066
32.730,-0.056
32.735,-0.078
32.740,-0.112
32.745,-0.113
32.750,-0.126
32.755,-0.160
32.760,-0.171
32.765,-0.174
32.770,-0.195
32.775,-0.204
32.780,-0.195
32.785,-0.209
32.790,-0.222
32.795,-0.194
32.800,-0.173
32.805,-0.163
32.810,-0.108
32.815,-0.048
32.820,-0.023
32.825,0.017
32.830,0.077
32.835,0.107
32.840,0.128
32.845,0.165
32.850,0.179
32.855,0.167
32.860,0.182
32.865,0.200
32.870,0.178
32.875,0.173
32.880,0.198
32.885,0.184
32.890,0.155
32.895,0.157
32.900,0.149
32.905,0.121
32.910,0.120
32.915,0.131
32.920,0.111
32.925,0.097
32.930,0.104
32.935,0.087
32.940,0.071
32.945,0.086
32.950,0.074
32.955,0.038
32.960,0.042
32.965,0.058
32.970,0.038
32.975,0.021
32.980,0.030
32.985,0.023
32.990,0.009
32.995,0.020
33.000,0.017
33.005,-0.006
33.010,0.001
33.015,0.014
33.020,-0.005
33.025,-0.009
33.030,0.004
33.035,-0.012
33.040,-0.024
33.045,-0.004
33.050,-0.003
33.055,-0.019
33.060,-0.004
33.065,0.003
33.070,-0.028
33.075,-0.035
33.080,-0.030
33.085,-0.062
33.090,-0.080
33.095,-0.051
33.100,-0.043
33.105,-0.080
33.110,-0.104
33.115,-0.108
33.120,-0.114
33.125,-0.100
33.130,-0.079
33.135,-0.076
33.140,-0.064
33.145,-0.031
33.150,-0.013
33.155,-0.015
33.160,0.009
33.165,0.036
33.170,0.023
33.175,0.029
33.180,0.061
33.185,0.055
33.190,0.045
33.195,0.064
33.200,0.066
33.205,0.044
33.210,0.037
33.215,0.040
33.220,0.030
33.225,0.029
33.230,0.041
33.235,0.021
33.240,0.001
33.245,0.016
33.250,0.012
33.255,-0.014
33.260,-0.003
33.265,0.023
33.270,0.029
33.275,0.034
33.280,0.028
33.285,-0.059
33.290,-0.296
33.295,-0.693
33.300,-1.180
33.305,-1.593
33.310,-1.689
33.315,-1.285
33.320,-0.556
33.325,0.140
33.330,0.558
33.335,0.619
33.340,0.557
33.345,0.529
33.350,0.433
33.355,0.317
33.360,0.276
33.365,0.264
33.370,0.242
33.375,0.236
33.380,0.239
33.385,0.216
33.390,0.195
33.395,0.198
33.400,0.181
33.405,0.158
33.410,0.166
33.415,0.166
33.420,0.136
33.425,0.126
33.430,0.141
33.435,0.125
33.440,0.100
33.445,0.106
33.450,0.100
33.455,0.072
33.460,0.071
33.465,0.073
33.470,0.048
33.475,0.040
33.480,0.047
33.485,0.024
33.490,0.003
33.495,0.012
33.500,-0.002
33.505,-0.037
33.510,-0.039
33.515,-0.035
33.520,-0.073
33.525,-0.101
33.530,-0.097
33.535,-0.118
33.540,-0.146
33.545,-0.145
33.550,-0.161
33.555,-0.193
33.560,-0.192
33.565,-0.186
33.570,-0.207
33.575,-0.209
33.580,-0.193
33.585,-0.199
33.590,-0.190
33.595,-0.141
33.600,-0.105
33.605,-0.073
33.610,-0.012
33.615,0.042
33.620,0.063
33.625,0.096
33.630,0.142
33.635,0.153
33.640,0.153
33.645,0.182
33.650,0.194
33.655,0.182
33.660,0.194
33.665,0.197
33.670,0.171
33.675,0.165
33.680,0.175
33.685,0.154
33.690,0.133
33.695,0.140
33.700,0.132
33.705,0.108
33.710,0.109
33.715,0.114
33.720,0.094
33.725,0.087
33.730,0.095
33.735,0.073
33.740,0.053
33.745,0.067
33.750,0.061
33.755,0.035
33.760,0.038
33.765,0.045
33.770,0.024
33.775,0.017
33.780,0.030
33.785,0.016
33.790,0.002
33.795,0.012
33.800,0.004
33.805,-0.014
33.810,0.001
33.815,0.014
33.820,-0.009
33.825,-0.007
33.830,0.016
33.835,-0.005
33.840,-0.021
33.845,0.003
33.850,0.004
33.855,-0.012
33.860,-0.002
33.865,0.000
33.870,-0.018
33.875,-0.015
33.880,-0.002
33.885,-0.026
33.890,-0.056
33.895,-0.048
33.900,-0.052
33.905,-0.073
33.910,-0.056
33.915,-0.048
33.920,-0.092
33.925,-0.123
33.930,-0.113
33.935,-0.112
33.940,-0.112
33.945,-0.084
33.950,-0.067
33.955,-0.065
33.960,-0.036
33.965,-0.010
33.970,-0.013
33.975,0.000
33.980,0.026
33.985,0.030
33.990,0.035
33.995,0.062
34.000,0.068
34.005,0.048
34.010,0.051
34.015,0.058
34.020,0.039
34.025,0.039
34.030,0.054
34.035,0.031
34.040,0.008
34.045,0.023
34.050,0.020
34.055,-0.001
34.060,0.009
34.065,0.013
34.070,-0.011
34.075,-0.007
34.080,0.028
34.085,0.031
34.090,0.014
34.095,0.007
34.100,-0.101
34.105,-0.403
34.110,-0.833
34.115,-1.292
34.120,-1.637
34.125,-1.599
34.130,-1.056
34.135,-0.307
34.140,0.298
34.145,0.605
34.150,0.606
34.155,0.531
34.160,0.486
34.165,0.390
34.170,0.293
34.175,0.266
34.180,0.269
34.185,0.244
34.190,0.224
34.195,0.231
34.200,0.215
34.205,0.189
34.210,0.192
34.215,0.191
34.220,0.167
34.225,0.156
34.230,0.159
34.235,0.139
34.240,0.120
34.245,0.126
34.250,0.116
34.255,0.094
34.260,0.102
34.265,0.103
34.270,0.069
34.275,0.053
34.280,0.066
34.285,0.054
34.290,0.034
34.295,0.042
34.300,0.031
34.305,-0.001
34.310,-0.001
34.315,0.000
34.320,-0.034
34.325,-0.053
34.330,-0.053
34.335,-0.077
34.340,-0.102
34.345,-0.104
34.350,-0.119
34.355,-0.153
34.360,-0.161
34.365,-0.165
34.370,-0.190
34.375,-0.197
34.380,-0.187
34.385,-0.204
34.390,-0.218
34.395,-0.194
34.400,-0.187
34.405,-0.185
34.410,-0.137
34.415,-0.088
34.420,-0.064
34.425,-0.020
34.430,0.041
34.435,0.073
34.440,0.099
34.445,0.145
34.450,0.164
34.455,0.157
34.460,0.177
34.465,0.195
34.470,0.182
34.475,0.180
34.480,0.191
34.485,0.177
34.490,0.160
34.495,0.168
34.500,0.161
34.505,0.135
34.510,0.136
34.515,0.136
34.520,0.111
34.525,0.104
34.530,0.113
34.535,0.092
34.540,0.079
34.545,0.095
34.550,0.077
34.555,0.038
34.560,0.049
34.565,0.067
34.570,0.041
34.575,0.037
34.580,0.054
34.585,0.029
34.590,0.006
34.595,0.023
34.600,0.020
34.605,0.001
34.610,0.016
34.615,0.021
34.620,-0.005
34.625,-0.005
34.630,0.014
34.635,0.001
34.640,-0.009
34.645,0.003
34.650,-0.002
34.655,-0.018
34.660,-0.005
34.665,0.006
34.670,-0.016
34.675,-0.014
34.680,0.009
34.685,-0.002
34.690,-0.016
34.695,0.008
34.700,0.016
34.705,-0.012
34.710,-0.015
34.715,-0.007
34.720,-0.030
34.725,-0.045
34.730,-0.044
34.735,-0.067
34.740,-0.081
34.745,-0.059
34.750,-0.054
34.755,-0.090
34.760,-0.114
34.765,-0.117
34.770,-0.119
34.775,-0.102
34.780,-0.081
34.785,-0.079
34.790,-0.064
34.795,-0.032
34.800,-0.022
34.805,-0.019
34.810,0.017
34.815,0.042
34.820,0.029
34.825,0.037
34.830,0.064
34.835,0.061
34.840,0.055
34.845,0.071
34.850,0.061
34.855,0.034
34.860,0.051
34.865,0.061
34.870,0.030
34.875,0.024
34.880,0.040
34.885,0.017
34.890,0.000
34.895,0.024
34.900,0.027
34.905,0.001
34.910,-0.002
34.915,0.014
34.920,0.018
34.925,0.022
34.930,0.024
34.935,-0.044
34.940,-0.247
34.945,-0.609
34.950,-1.083
34.955,-1.510
34.960,-1.657
34.965,-1.325
34.970,-0.628
34.975,0.081
34.980,0.525
34.985,0.612
34.990,0.554
34.995,0.527
35.000,0.439
35.005,0.319
35.010,0.282
35.015,0.273
35.020,0.241
35.025,0.231
35.030,0.241
35.035,0.217
35.040,0.187
35.045,0.198
35.050,0.192
35.055,0.162
35.060,0.161
35.065,0.161
35.070,0.132
35.075,0.125
35.080,0.133
35.085,0.105
35.090,0.084
35.095,0.100
35.100,0.093
35.105,0.066
35.110,0.070
35.115,0.073
35.120,0.046
35.125,0.030
35.130,0.038
35.135,0.023
35.140,-0.001
35.145,0.007
35.150,-0.001
35.155,-0.034
35.160,-0.040
35.165,-0.043
35.170,-0.080
35.175,-0.100
35.180,-0.092
35.185,-0.117
35.190,-0.146
35.195,-0.140
35.200,-0.157
35.205,-0.190
35.210,-0.188
35.215,-0.180
35.220,-0.204
35.225,-0.211
35.230,-0.191
35.235,-0.195
35.240,-0.191
35.245,-0.151
35.250,-0.117
35.255,-0.094
35.260,-0.042
35.265,0.019
35.270,0.044
35.275,0.075
35.280,0.127
35.285,0.144
35.290,0.152
35.295,0.186
35.300,0.194
35.305,0.175
35.310,0.181
35.315,0.192
35.320,0.169
35.325,0.161
35.330,0.175
35.335,0.157
35.340,0.137
35.345,0.148
35.350,0.139
35.355,0.113
35.360,0.115
35.365,0.118
35.370,0.090
35.375,0.085
35.380,0.097
35.385,0.071
35.390,0.052
35.395,0.070
35.400,0.064
35.405,0.032
35.410,0.035
35.415,0.044
35.420,0.021
35.425,0.016
35.430,0.030
35.435,0.013
35.440,0.003
35.445,0.022
35.450,0.017
35.455,-0.007
35.460,0.004
35.465,0.012
35.470,-0.009
35.475,-0.003
35.480,0.018
35.485,0.006
35.490,-0.010
35.495,0.004
35.500,0.008
35.505,-0.009
35.510,0.002
35.515,0.011
35.520,-0.009
35.525,-0.014
35.530,0.004
35.535,-0.003
35.540,-0.017
35.545,0.000
35.550,-0.001
35.555,-0.035
35.560,-0.051
35.565,-0.058
35.570,-0.081
35.575,-0.073
35.580,-0.043
35.585,-0.062
35.590,-0.110
35.595,-0.122
35.600,-0.119
35.605,-0.123
35.610,-0.107
35.615,-0.082
35.620,-0.076
35.625,-0.056
35.630,-0.019
35.635,-0.010
35.640,0.002
35.645,0.037
35.650,0.042
35.655,0.032
35.660,0.051
35.665,0.071
35.670,0.058
35.675,0.060
35.680,0.077
35.685,0.059
35.690,0.039
35.695,0.054
35.700,0.054
35.705,0.027
35.710,0.028
35.715,0.034
35.720,0.010
35.725,0.007
35.730,0.026
35.735,0.010
35.740,-0.008
35.745,0.009
35.750,0.018
35.755,0.012
35.760,0.024
35.765,0.018
35.770,-0.104
35.775,-0.385
35.780,-0.801
35.785,-1.270
35.790,-1.608
35.795,-1.561
35.800,-1.045
35.805,-0.318
35.810,0.301
35.815,0.601
35.820,0.590
35.825,0.543
35.830,0.499
35.835,0.368
35.840,0.277
35.845,0.268
35.850,0.255
35.855,0.230
35.860,0.229
35.865,0.231
35.870,0.203
35.875,0.185
35.880,0.193
35.885,0.174
35.890,0.147
35.895,0.155
35.900,0.152
35.905,0.123
35.910,0.121
35.915,0.124
35.920,0.095
35.925,0.086
35.930,0.100
35.935,0.080
35.940,0.061
35.945,0.074
35.950,0.068
35.955,0.042
35.960,0.034
35.965,0.028
35.970,0.005
35.975,-0.008
35.980,-0.002
35.985,-0.018
35.990,-0.037
35.995,-0.038
36.000,-0.059
36.005,-0.089
36.010,-0.092
36.015,-0.097
36.020,-0.130
36.025,-0.143
36.030,-0.138
36.035,-0.164
36.040,-0.186
36.045,-0.180
36.050,-0.192
36.055,-0.214
36.060,-0.203
36.065,-0.184
36.070,-0.190
36.075,-0.172
36.080,-0.127
36.085,-0.103
36.090,-0.070
36.095,-0.007
36.100,0.032
36.105,0.050
36.110,0.096
36.115,0.138
36.120,0.144
36.125,0.158
36.130,0.190
36.135,0.192
36.140,0.179
36.145,0.189
36.150,0.188
36.155,0.167
36.160,0.168
36.165,0.172
36.170,0.145
36.175,0.133
36.180,0.149
36.185,0.134
36.190,0.112
36.195,0.121
36.200,0.112
36.205,0.087
36.210,0.087
36.215,0.089
36.220,0.066
36.225,0.056
36.230,0.068
36.235,0.052
36.240,0.031
36.245,0.046
36.250,0.049
36.255,0.023
36.260,0.024
36.265,0.032
36.270,0.009
36.275,0.002
36.280,0.019
36.285,0.008
36.290,-0.006
36.295,0.007
36.300,0.005
36.305,-0.008
36.310,0.005
36.315,0.014
36.320,-0.006
36.325,-0.008
36.330,0.013
36.335,0.004
36.340,-0.010
36.345,0.006
36.350,0.009
36.355,-0.011
36.360,-0.007
36.365,0.005
36.370,-0.011
36.375,-0.013
36.380,0.005
36.385,-0.005
36.390,-0.017
36.395,-0.001
36.400,-0.009
36.405,-0.038
36.410,-0.029
36.415,-0.022
36.420,-0.059
36.425,-0.078
36.430,-0.068
36.435,-0.079
36.440,-0.082
36.445,-0.068
36.450,-0.099
36.455,-0.145
36.460,-0.129
36.465,-0.095
36.470,-0.104
36.475,-0.100
36.480,-0.062
36.485,-0.050
36.490,-0.043
36.495,-0.010
36.500,0.006
36.505,0.003
36.510,0.028
36.515,0.053
36.520,0.039
36.525,0.043
36.530,0.074
36.535,0.069
36.540,0.049
36.545,0.055
36.550,0.047
36.555,0.025
36.560,0.038
36.565,0.050
36.570,0.028
36.575,0.020
36.580,0.034
36.585,0.015
36.590,-0.003
36.595,0.011
36.600,0.005
36.605,-0.010
36.610,0.022
36.615,0.043
36.620,0.011
36.625,-0.022
36.630,-0.141
36.635,-0.478
36.640,-0.939
36.645,-1.348
36.650,-1.591
36.655,-1.446
36.660,-0.828
36.665,-0.098
36.670,0.395
36.675,0.590
36.680,0.584
36.685,0.525
36.690,0.442
36.695,0.348
36.700,0.285
36.705,0.250
36.710,0.248
36.715,0.248
36.720,0.223
36.725,0.210
36.730,0.211
36.735,0.192
36.740,0.170
36.745,0.174
36.750,0.169
36.755,0.147
36.760,0.144
36.765,0.138
36.770,0.106
36.775,0.100
36.780,0.118
36.785,0.104
36.790,0.081
36.795,0.084
36.800,0.080
36.805,0.057
36.810,0.060
36.815,0.063
36.820,0.027
36.825,0.010
36.830,0.023
36.835,0.003
36.840,-0.017
36.845,-0.006
36.850,-0.022
36.855,-0.056
36.860,-0.061
36.865,-0.066
36.870,-0.093
36.875,-0.108
36.880,-0.108
36.885,-0.131
36.890,-0.156
36.895,-0.153
36.900,-0.164
36.905,-0.194
36.910,-0.195
36.915,-0.193
36.920,-0.210
36.925,-0.204
36.930,-0.178
36.935,-0.166
36.940,-0.140
36.945,-0.075
36.950,-0.032
36.955,-0.018
36.960,0.034
36.965,0.087
36.970,0.101
36.975,0.128
36.980,0.168
36.985,0.169
36.990,0.163
36.995,0.189
37.000,0.196
37.005,0.172
37.010,0.175
37.015,0.194
37.020,0.173
37.025,0.158
37.030,0.172
37.035,0.155
37.040,0.127
37.045,0.132
37.050,0.120
37.055,0.094
37.060,0.106
37.065,0.116
37.070,0.085
37.075,0.073
37.080,0.092
37.085,0.075
37.090,0.049
37.095,0.060
37.100,0.051
37.105,0.022
37.110,0.032
37.115,0.043
37.120,0.020
37.125,0.011
37.130,0.027
37.135,0.017
37.140,0.001
37.145,0.016
37.150,0.017
37.155,-0.004
37.160,0.001
37.165,0.010
37.170,-0.010
37.175,-0.009
37.180,0.008
37.185,-0.004
37.190,-0.013
37.195,0.007
37.200,0.006
37.205,-0.014
37.210,-0.003
37.215,0.006
37.220,-0.013
37.225,-0.014
37.230,-0.001
37.235,-0.012
37.240,-0.032
37.245,-0.022
37.250,-0.028
37.255,-0.068
37.260,-0.067
37.265,-0.054
37.270,-0.068
37.275,-0.075
37.280,-0.098
37.285,-0.138
37.290,-0.137
37.295,-0.101
37.300,-0.096
37.305,-0.103
37.310,-0.071
37.315,-0.048
37.320,-0.053
37.325,-0.026
37.330,0.022
37.335,0.027
37.340,0.029
37.345,0.067
37.350,0.069
37.355,0.043
37.360,0.054
37.365,0.065
37.370,0.046
37.375,0.046
37.380,0.062
37.385,0.046
37.390,0.023
37.395,0.034
37.400,0.035
37.405,0.019
37.410,0.029
37.415,0.026
37.420,-0.004
37.425,-0.001
37.430,0.017
37.435,0.001
37.440,-0.003
37.445,0.035
37.450,0.057
37.455,0.048
37.460,0.040
37.465,-0.080
37.470,-0.452
37.475,-0.952
37.480,-1.378
37.485,-1.663
37.490,-1.552
37.495,-0.881
37.500,-0.089
37.505,0.404
37.510,0.580
37.515,0.572
37.520,0.526
37.525,0.492
37.530,0.417
37.535,0.305
37.540,0.245
37.545,0.243
37.550,0.228
37.555,0.195
37.560,0.195
37.565,0.197
37.570,0.168
37.575,0.171
37.580,0.180
37.585,0.145
37.590,0.123
37.595,0.132
37.600,0.118
37.605,0.091
37.610,0.097
37.615,0.101
37.620,0.074
37.625,0.071
37.630,0.082
37.635,0.059
37.640,0.043
37.645,0.049
37.650,0.032
37.655,0.009
37.660,0.022
37.665,0.024
37.670,-0.006
37.675,-0.017
37.680,-0.017
37.685,-0.043
37.690,-0.064
37.695,-0.059
37.700,-0.072
37.705,-0.102
37.710,-0.105
37.715,-0.110
37.720,-0.143
37.725,-0.153
37.730,-0.142
37.735,-0.159
37.740,-0.169
37.745,-0.159
37.750,-0.175
37.755,-0.196
37.760,-0.180
37.765,-0.156
37.770,-0.153
37.775,-0.122
37.780,-0.066
37.785,-0.039
37.790,-0.010
37.795,0.044
37.800,0.075
37.805,0.088
37.810,0.128
37.815,0.161
37.820,0.155
37.825,0.156
37.830,0.173
37.835,0.166
37.840,0.161
37.845,0.177
37.850,0.166
37.855,0.140
37.860,0.150
37.865,0.159
37.870,0.128
37.875,0.119
37.880,0.130
37.885,0.106
37.890,0.083
37.895,0.093
37.900,0.084
37.905,0.061
37.910,0.068
37.915,0.063
37.920,0.036
37.925,0.046
37.930,0.058
37.935,0.031
37.940,0.016
37.945,0.032
37.950,0.027
37.955,0.002
37.960,0.015
37.965,0.024
37.970,-0.003
37.975,-0.002
37.980,0.016
37.985,0.002
37.990,-0.006
37.995,0.015
38.000,0.010
38.005,-0.009
38.010,0.006
38.015,0.017
38.020,-0.004
38.025,-0.001
38.030,0.021
38.035,0.009
38.040,0.001
38.045,0.019
38.050,0.009
38.055,-0.014
38.060,0.000
38.065,0.006
38.070,-0.016
38.075,-0.007
38.080,0.018
38.085,0.003
38.090,-0.014
38.095,-0.005
38.100,-0.018
38.105,-0.043
38.110,-0.044
38.115,-0.052
38.120,-0.078
38.125,-0.070
38.130,-0.048
38.135,-0.083
38.140,-0.129
38.145,-0.122
38.150,-0.107
38.155,-0.108
38.160,-0.089
38.165,-0.065
38.170,-0.063
38.175,-0.048
38.180,-0.023
38.185,-0.024
38.190,-0.010
38.195,0.030
38.200,0.041
38.205,0.036
38.210,0.058
38.215,0.075
38.220,0.061
38.225,0.059
38.230,0.069
38.235,0.050
38.240,0.041
38.245,0.057
38.250,0.050
38.255,0.030
38.260,0.033
38.265,0.029
38.270,0.006
38.275,0.005
38.280,0.022
38.285,0.006
38.290,-0.011
38.295,0.013
38.300,0.032
38.305,0.031
38.310,0.036
38.315,0.012
38.320,-0.124
38.325,-0.418
38.330,-0.854
38.335,-1.328
38.340,-1.639
38.345,-1.553
38.350,-0.999
38.355,-0.258
38.360,0.338
38.365,0.604
38.370,0.582
38.375,0.540
38.380,0.509
38.385,0.394
38.390,0.301
38.395,0.280
38.400,0.260
38.405,0.235
38.410,0.234
38.415,0.231
38.420,0.203
38.425,0.193
38.430,0.197
38.435,0.168
38.440,0.149
38.445,0.164
38.450,0.153
38.455,0.122
38.460,0.125
38.465,0.126
38.470,0.097
38.475,0.091
38.480,0.105
38.485,0.082
38.490,0.058
38.495,0.072
38.500,0.064
38.505,0.035
38.510,0.040
38.515,0.038
38.520,0.008
38.525,0.007
38.530,0.012
38.535,-0.021
38.540,-0.041
38.545,-0.033
38.550,-0.054
38.555,-0.088
38.560,-0.088
38.565,-0.090
38.570,-0.121
38.575,-0.140
38.580,-0.140
38.585,-0.163
38.590,-0.182
38.595,-0.167
38.600,-0.173
38.605,-0.198
38.610,-0.190
38.615,-0.178
38.620,-0.186
38.625,-0.168
38.630,-0.122
38.635,-0.097
38.640,-0.070
38.645,-0.009
38.650,0.036
38.655,0.054
38.660,0.097
38.665,0.138
38.670,0.138
38.675,0.151
38.680,0.179
38.685,0.176
38.690,0.173
38.695,0.190
38.700,0.179
38.705,0.149
38.710,0.160
38.715,0.174
38.720,0.148
38.725,0.138
38.730,0.146
38.735,0.125
38.740,0.107
38.745,0.117
38.750,0.107
38.755,0.084
38.760,0.090
38.765,0.089
38.770,0.065
38.775,0.061
38.780,0.065
38.785,0.042
38.790,0.029
38.795,0.044
38.800,0.039
38.805,0.015
38.810,0.018
38.815,0.023
38.820,-0.003
38.825,-0.008
38.830,0.013
38.835,0.001
38.840,-0.016
38.845,0.003
38.850,0.003
38.855,-0.016
38.860,-0.001
38.865,0.007
38.870,-0.015
38.875,-0.012
38.880,-0.011
38.885,-0.054
38.890,-0.073
38.895,-0.055
38.900,-0.057
38.905,-0.073
38.910,-0.054
38.915,-0.042
38.920,-0.064
38.925,-0.057
38.930,-0.033
38.935,-0.042
38.940,-0.044
38.945,-0.027
38.950,-0.034
38.955,-0.050
38.960,-0.032
38.965,-0.019
38.970,-0.036
38.975,-0.034
38.980,-0.021
38.985,-0.033
38.990,-0.038
38.995,-0.025
39.000,-0.035
39.005,-0.061
39.010,-0.068
39.015,-0.073
39.020,-0.091
39.025,-0.078
39.030,-0.057
39.035,-0.086
39.040,-0.117
39.045,-0.104
39.050,-0.098
39.055,-0.101
39.060,-0.077
39.065,-0.055
39.070,-0.054
39.075,-0.034
39.080,-0.001
39.085,0.002
39.090,0.012
39.095,0.048
39.100,0.054
39.105,0.041
39.110,0.065
39.115,0.081
39.120,0.066
39.125,0.068
39.130,0.082
39.135,0.066
39.140,0.054
39.145,0.070
39.150,0.063
39.155,0.040
39.160,0.049
39.165,0.052
39.170,0.027
39.175,0.026
39.180,0.041
39.185,0.027
39.190,0.017
39.195,0.048
39.200,0.066
39.205,0.044
39.210,0.034
39.215,-0.045
39.220,-0.317
39.225,-0.734
39.230,-1.176
39.235,-1.539
39.240,-1.586
39.245,-1.120
39.250,-0.396
39.255,0.227
39.260,0.586
39.265,0.628
39.270,0.551
39.275,0.509
39.280,0.428
39.285,0.325
39.290,0.282
39.295,0.285
39.300,0.272
39.305,0.247
39.310,0.251
39.315,0.249
39.320,0.212
39.325,0.200
39.330,0.210
39.335,0.186
39.340,0.166
39.345,0.173
39.350,0.159
39.355,0.136
39.360,0.142
39.365,0.140
39.370,0.109
39.375,0.101
39.380,0.114
39.385,0.095
39.390,0.073
39.395,0.082
39.400,0.072
39.405,0.046
39.410,0.047
39.415,0.043
39.420,0.008
39.425,-0.002
39.430,0.010
39.435,-0.017
39.440,-0.043
39.445,-0.036
39.450,-0.054
39.455,-0.089
39.460,-0.089
39.465,-0.097
39.470,-0.133
39.475,-0.147
39.480,-0.143
39.485,-0.163
39.490,-0.181
39.495,-0.170
39.500,-0.178
39.505,-0.203
39.510,-0.191
39.515,-0.176
39.520,-0.183
39.525,-0.155
39.530,-0.103
39.535,-0.076
39.540,-0.041
39.545,0.022
39.550,0.058
39.555,0.074
39.560,0.120
39.565,0.156
39.570,0.156
39.575,0.172
39.580,0.199
39.585,0.186
39.590,0.173
39.595,0.190
39.600,0.184
39.605,0.159
39.610,0.166
39.615,0.169
39.620,0.141
39.625,0.134
39.630,0.141
39.635,0.122
39.640,0.108
39.645,0.121
39.650,0.107
39.655,0.076
39.660,0.086
39.665,0.087
39.670,0.054
39.675,0.049
39.680,0.065
39.685,0.045
39.690,0.027
39.695,0.044
39.700,0.036
39.705,0.008
39.710,0.016
39.715,0.019
39.720,0.000
39.725,0.003
39.730,0.008
39.735,-0.009
39.740,-0.013
39.745,0.005
39.750,0.000
39.755,-0.020
39.760,-0.009
39.765,0.000
39.770,-0.014
39.775,-0.011
39.780,0.002
39.785,-0.012
39.790,-0.020
39.795,0.001
39.800,0.001
39.805,-0.016
39.810,-0.004
39.815,0.000
39.820,-0.024
39.825,-0.026
39.830,-0.005
39.835,-0.012
39.840,-0.021
39.845,-0.005
39.850,-0.013
39.855,-0.034
39.860,-0.017
39.865,-0.006
39.870,-0.029
39.875,-0.026
39.880,-0.007
39.885,-0.025
39.890,-0.040
39.895,-0.022
39.900,-0.026
39.905,-0.042
39.910,-0.025
39.915,-0.018
39.920,-0.042
39.925,-0.042
39.930,-0.032
39.935,-0.065
39.940,-0.095
39.945,-0.085
39.950,-0.087
39.955,-0.098
39.960,-0.079
39.965,-0.088
39.970,-0.137
39.975,-0.135
39.980,-0.101
39.985,-0.109
39.990,-0.115
39.995,-0.074
40.000,-0.055
40.005,-0.058
40.010,-0.026
40.015,-0.005
40.020,-0.009
40.025,0.010
40.030,0.035
40.035,0.032
40.040,0.035
40.045,0.058
40.050,0.054
40.055,0.036
40.060,0.046
40.065,0.050
40.070,0.028
40.075,0.030
40.080,0.046
40.085,0.025
40.090,0.010
40.095,0.028
40.100,0.022
40.105,-0.002
40.110,0.009
40.115,0.016
40.120,-0.003
40.125,0.016
40.130,0.047
40.135,0.027
40.140,-0.009
40.145,-0.099
40.150,-0.381
40.155,-0.835
40.160,-1.275
40.165,-1.564
40.170,-1.532
40.175,-1.014
40.180,-0.266
40.185,0.310
40.190,0.578
40.195,0.601
40.200,0.547
40.205,0.476
40.210,0.386
40.215,0.313
40.220,0.262
40.225,0.252
40.230,0.263
40.235,0.235
40.240,0.210
40.245,0.224
40.250,0.215
40.255,0.182
40.260,0.180
40.265,0.181
40.270,0.154
40.275,0.147
40.280,0.153
40.285,0.132
40.290,0.116
40.295,0.126
40.300,0.116
40.305,0.091
40.310,0.091
40.315,0.091
40.320,0.065
40.325,0.058
40.330,0.068
40.335,0.045
40.340,0.025
40.345,0.035
40.350,0.021
40.355,-0.008
40.360,-0.003
40.365,-0.008
40.370,-0.041
40.375,-0.052
40.380,-0.054
40.385,-0.087
40.390,-0.109
40.395,-0.099
40.400,-0.116
40.405,-0.152
40.410,-0.154
40.415,-0.154
40.420,-0.181
40.425,-0.188
40.430,-0.177
40.435,-0.194
40.440,-0.201
40.445,-0.171
40.450,-0.162
40.455,-0.158
40.460,-0.110
40.465,-0.063
40.470,-0.038
40.475,0.012
40.480,0.068
40.485,0.088
40.490,0.110
40.495,0.155
40.500,0.170
40.505,0.164
40.510,0.188
40.515,0.203
40.520,0.181
40.525,0.181
40.530,0.199
40.535,0.181
40.540,0.160
40.545,0.170
40.550,0.162
40.555,0.137
40.560,0.140
40.565,0.138
40.570,0.109
40.575,0.105
40.580,0.116
40.585,0.093
40.590,0.080
40.595,0.094
40.600,0.081
40.605,0.056
40.610,0.061
40.615,0.062
40.620,0.034
40.625,0.029
40.630,0.043
40.635,0.025
40.640,0.010
40.645,0.025
40.650,0.019
40.655,0.000
40.660,0.011
40.665,0.018
40.670,-0.002
40.675,-0.001
40.680,0.016
40.685,-0.001
40.690,-0.014
40.695,0.006
40.700,0.001
40.705,-0.015
40.710,0.004
40.715,0.012
40.720,-0.012
40.725,-0.009
40.730,0.011
40.735,-0.002
40.740,-0.016
40.745,0.000
40.750,-0.004
40.755,-0.022
40.760,-0.009
40.765,0.001
40.770,-0.019
40.775,-0.018
40.780,-0.003
40.785,-0.016
40.790,-0.026
40.795,-0.007
40.800,-0.008
40.805,-0.028
40.810,-0.020
40.815,-0.014
40.820,-0.035
40.825,-0.033
40.830,-0.016
40.835,-0.033
40.840,-0.039
40.845,-0.018
40.850,-0.029
40.855,-0.059
40.860,-0.060
40.865,-0.068
40.870,-0.099
40.875,-0.095
40.880,-0.068
40.885,-0.079
40.890,-0.106
40.895,-0.111
40.900,-0.124
40.905,-0.133
40.910,-0.106
40.915,-0.089
40.920,-0.092
40.925,-0.065
40.930,-0.032
40.935,-0.034
40.940,-0.026
40.945,0.018
40.950,0.030
40.955,0.015
40.960,0.037
40.965,0.053
40.970,0.035
40.975,0.041
40.980,0.060
40.985,0.042
40.990,0.030
40.995,0.049
41.000,0.041
41.005,0.015
41.010,0.026
41.015,0.034
41.020,0.008
41.025,0.009
41.030,0.029
41.035,0.009
41.040,-0.006
41.045,0.015
41.050,0.024
41.055,0.022
41.060,0.033
41.065,0.021
41.070,-0.093
41.075,-0.355
41.080,-0.767
41.085,-1.234
41.090,-1.564
41.095,-1.543
41.100,-1.062
41.105,-0.342
41.110,0.279
41.115,0.584
41.120,0.585
41.125,0.542
41.130,0.515
41.135,0.404
41.140,0.307
41.145,0.283
41.150,0.258
41.155,0.235
41.160,0.239
41.165,0.227
41.170,0.195
41.175,0.193
41.180,0.203
41.185,0.180
41.190,0.162
41.195,0.169
41.200,0.153
41.205,0.127
41.210,0.134
41.215,0.134
41.220,0.110
41.225,0.103
41.230,0.105
41.235,0.085
41.240,0.071
41.245,0.080
41.250,0.070
41.255,0.046
41.260,0.048
41.265,0.048
41.270,0.022
41.275,0.012
41.280,0.017
41.285,-0.009
41.290,-0.033
41.295,-0.029
41.300,-0.045
41.305,-0.075
41.310,-0.076
41.315,-0.085
41.320,-0.119
41.325,-0.126
41.330,-0.122
41.335,-0.152
41.340,-0.171
41.345,-0.160
41.350,-0.169
41.355,-0.190
41.360,-0.182
41.365,-0.175
41.370,-0.189
41.375,-0.173
41.380,-0.133
41.385,-0.115
41.390,-0.085
41.395,-0.023
41.400,0.011
41.405,0.033
41.410,0.089
41.415,0.132
41.420,0.138
41.425,0.160
41.430,0.191
41.435,0.184
41.440,0.179
41.445,0.199
41.450,0.190
41.455,0.169
41.460,0.178
41.465,0.181
41.470,0.156
41.475,0.152
41.480,0.157
41.485,0.130
41.490,0.114
41.495,0.128
41.500,0.114
41.505,0.090
41.510,0.101
41.515,0.100
41.520,0.069
41.525,0.065
41.530,0.075
41.535,0.057
41.540,0.043
41.545,0.049
41.550,0.040
41.555,0.028
41.560,0.036
41.565,0.025
41.570,0.001
41.575,0.005
41.580,0.016
41.585,0.005
41.590,0.005
41.595,0.017
41.600,0.001
41.605,-0.014
41.610,0.004
41.615,0.006
41.620,-0.014
41.625,-0.005
41.630,0.016
41.635,0.002
41.640,-0.011
41.645,0.005
41.650,0.005
41.655,-0.013
41.660,-0.003
41.665,0.004
41.670,-0.011
41.675,-0.008
41.680,0.005
41.685,-0.009
41.690,-0.010
41.695,0.009
41.700,-0.004
41.705,-0.024
41.710,-0.010
41.715,0.000
41.720,-0.014
41.725,-0.013
41.730,0.001
41.735,-0.020
41.740,-0.035
41.745,-0.017
41.750,-0.019
41.755,-0.031
41.760,-0.021
41.765,-0.024
41.770,-0.050
41.775,-0.062
41.780,-0.067
41.785,-0.094
41.790,-0.101
41.795,-0.069
41.800,-0.069
41.805,-0.115
41.810,-0.127
41.815,-0.111
41.820,-0.111
41.825,-0.107
41.830,-0.089
41.835,-0.073
41.840,-0.060
41.845,-0.035
41.850,-0.024
41.855,-0.015
41.860,0.018
41.865,0.024
41.870,0.007
41.875,0.025
41.880,0.054
41.885,0.050
41.890,0.047
41.895,0.063
41.900,0.049
41.905,0.028
41.910,0.042
41.915,0.046
41.920,0.022
41.925,0.016
41.930,0.025
41.935,0.011
41.940,0.003
41.945,0.023
41.950,0.019
41.955,-0.012
41.960,-0.007
41.965,0.023
41.970,0.038
41.975,0.049
41.980,0.048
41.985,-0.065
41.990,-0.354
41.995,-0.786
42.000,-1.253
42.005,-1.595
42.010,-1.568
42.015,-1.028
42.020,-0.265
42.025,0.327
42.030,0.592
42.035,0.579
42.040,0.522
42.045,0.504
42.050,0.420
42.055,0.313
42.060,0.268
42.065,0.240
42.070,0.211
42.075,0.219
42.080,0.203
42.085,0.117
42.090,0.063
42.095,0.067
42.100,0.060
42.105,0.046
42.110,0.058
42.115,0.062
42.120,0.045
42.125,0.047
42.130,0.061
42.135,0.047
42.140,0.040
42.145,0.060
42.150,0.052
42.155,0.022
42.160,0.016
42.165,0.015
42.170,0.000
42.175,0.004
42.180,0.024
42.185,0.011
42.190,-0.008
42.195,0.000
42.200,-0.010
42.205,-0.036
42.210,-0.041
42.215,-0.046
42.220,-0.073
42.225,-0.082
42.230,-0.076
42.235,-0.109
42.240,-0.129
42.245,-0.105
42.250,-0.120
42.255,-0.151
42.260,-0.144
42.265,-0.144
42.270,-0.163
42.275,-0.159
42.280,-0.143
42.285,-0.153
42.290,-0.146
42.295,-0.101
42.300,-0.067
42.305,-0.039
42.310,0.016
42.315,0.062
42.320,0.080
42.325,0.120
42.330,0.170
42.335,0.179
42.340,0.188
42.345,0.222
42.350,0.226
42.355,0.213
42.360,0.225
42.365,0.218
42.370,0.188
42.375,0.192
42.380,0.204
42.385,0.190
42.390,0.183
42.395,0.190
42.400,0.170
42.405,0.137
42.410,0.142
42.415,0.142
42.420,0.115
42.425,0.114
42.430,0.124
42.435,0.108
42.440,0.096
42.445,0.101
42.450,0.082
42.455,0.056
42.460,0.068
42.465,0.069
42.470,0.045
42.475,0.050
42.480,0.063
42.485,0.035
42.490,0.015
42.495,0.034
42.500,0.032
42.505,0.010
42.510,0.024
42.515,0.034
42.520,0.014
42.525,0.020
42.530,0.034
42.535,0.011
42.540,0.000
42.545,0.026
42.550,0.026
42.555,0.010
42.560,0.018
42.565,0.022
42.570,0.009
42.575,0.016
42.580,0.026
42.585,-0.001
42.590,-0.011
42.595,0.014
42.600,0.008
42.605,-0.006
42.610,0.011
42.615,0.016
42.620,-0.004
42.625,-0.010
42.630,-0.009
42.635,-0.026
42.640,-0.040
42.645,-0.035
42.650,-0.043
42.655,-0.060
42.660,-0.054
42.665,-0.057
42.670,-0.076
42.675,-0.085
42.680,-0.104
42.685,-0.131
42.690,-0.113
42.695,-0.075
42.700,-0.077
42.705,-0.083
42.710,-0.053
42.715,-0.037
42.720,-0.045
42.725,-0.014
42.730,0.025
42.735,0.012
42.740,0.020
42.745,0.064
42.750,0.057
42.755,0.024
42.760,0.031
42.765,0.041
42.770,0.033
42.775,0.043
42.780,0.053
42.785,0.026
42.790,0.008
42.795,0.028
42.800,0.024
42.805,-0.001
42.810,0.006
42.815,0.010
42.820,-0.012
42.825,-0.010
42.830,0.005
42.835,0.000
42.840,0.023
42.845,0.066
42.850,0.050
42.855,-0.045
42.860,-0.254
42.865,-0.675
42.870,-1.206
42.875,-1.605
42.880,-1.723
42.885,-1.353
42.890,-0.561
42.895,0.177
42.900,0.550
42.905,0.595
42.910,0.563
42.915,0.544
42.920,0.455
42.925,0.355
42.930,0.295
42.935,0.250
42.940,0.230
42.945,0.237
42.950,0.224
42.955,0.195
42.960,0.195
42.965,0.201
42.970,0.173
42.975,0.160
42.980,0.166
42.985,0.137
42.990,0.119
42.995,0.135
43.000,0.122
43.005,0.090
43.010,0.093
43.015,0.099
43.020,0.077
43.025,0.072
43.030,0.072
43.035,0.048
43.040,0.040
43.045,0.049
43.050,0.033
43.055,0.009
43.060,0.008
43.065,0.004
43.070,-0.020
43.075,-0.024
43.080,-0.017
43.085,-0.054
43.090,-0.084
43.095,-0.080
43.100,-0.104
43.105,-0.134
43.110,-0.132
43.115,-0.132
43.120,-0.161
43.125,-0.172
43.130,-0.161
43.135,-0.182
43.140,-0.198
43.145,-0.169
43.150,-0.166
43.155,-0.200
43.160,-0.179
43.165,-0.133
43.170,-0.125
43.175,-0.079
43.180,-0.005
43.185,0.016
43.190,0.041
43.195,0.097
43.200,0.128
43.205,0.140
43.210,0.170
43.215,0.189
43.220,0.171
43.225,0.167
43.230,0.188
43.235,0.174
43.240,0.145
43.245,0.161
43.250,0.166
43.255,0.138
43.260,0.142
43.265,0.150
43.270,0.125
43.275,0.115
43.280,0.123
43.285,0.103
43.290,0.085
43.295,0.090
43.300,0.077
43.305,0.051
43.310,0.058
43.315,0.066
43.320,0.045
43.325,0.050
43.330,0.059
43.335,0.019
43.340,-0.002
43.345,0.021
43.350,0.016
43.355,0.000
43.360,0.013
43.365,0.010
43.370,-0.015
43.375,-0.014
43.380,-0.005
43.385,-0.015
43.390,-0.015
43.395,-0.001
43.400,-0.008
43.405,-0.021
43.410,-0.010
43.415,-0.007
43.420,-0.015
43.425,-0.004
43.430,0.003
43.435,-0.009
43.440,-0.007
43.445,0.010
43.450,-0.008
43.455,-0.031
43.460,-0.006
43.465,0.000
43.470,-0.024
43.475,-0.010
43.480,0.009
43.485,-0.013
43.490,-0.023
43.495,-0.008
43.500,-0.023
43.505,-0.038
43.510,-0.032
43.515,-0.046
43.520,-0.070
43.525,-0.067
43.530,-0.057
43.535,-0.077
43.540,-0.094
43.545,-0.103
43.550,-0.118
43.555,-0.109
43.560,-0.080
43.565,-0.075
43.570,-0.083
43.575,-0.059
43.580,-0.021
43.585,-0.023
43.590,-0.022
43.595,0.021
43.600,0.031
43.605,0.017
43.610,0.039
43.615,0.060
43.620,0.049
43.625,0.043
43.630,0.054
43.635,0.046
43.640,0.036
43.645,0.053
43.650,0.050
43.655,0.024
43.660,0.028
43.665,0.027
43.670,0.001
43.675,0.000
43.680,0.018
43.685,0.007
43.690,-0.003
43.695,0.016
43.700,0.023
43.705,0.033
43.710,0.070
43.715,0.058
43.720,-0.073
43.725,-0.350
43.730,-0.797
43.735,-1.314
43.740,-1.705
43.745,-1.749
43.750,-1.251
43.755,-0.436
43.760,0.257
43.765,0.601
43.770,0.621
43.775,0.576
43.780,0.559
43.785,0.459
43.790,0.342
43.795,0.311
43.800,0.288
43.805,0.251
43.810,0.253
43.815,0.253
43.820,0.220
43.825,0.211
43.830,0.217
43.835,0.187
43.840,0.167
43.845,0.171
43.850,0.158
43.855,0.143
43.860,0.145
43.865,0.136
43.870,0.115
43.875,0.115
43.880,0.114
43.885,0.089
43.890,0.077
43.895,0.089
43.900,0.079
43.905,0.047
43.910,0.048
43.915,0.049
43.920,0.019
43.925,0.011
43.930,0.014
43.935,-0.014
43.940,-0.031
43.945,-0.026
43.950,-0.051
43.955,-0.085
43.960,-0.080
43.965,-0.090
43.970,-0.127
43.975,-0.134
43.980,-0.136
43.985,-0.160
43.990,-0.172
43.995,-0.168
44.000,-0.186
44.005,-0.207
44.010,-0.190
44.015,-0.179
44.020,-0.197
44.025,-0.176
44.030,-0.116
44.035,-0.085
44.040,-0.058
44.045,-0.004
44.050,0.033
44.055,0.058
44.060,0.114
44.065,0.156
44.070,0.142
44.075,0.147
44.080,0.182
44.085,0.181
44.090,0.171
44.095,0.189
44.100,0.186
44.105,0.161
44.110,0.168
44.115,0.172
44.120,0.142
44.125,0.142
44.130,0.158
44.135,0.125
44.140,0.097
44.145,0.114
44.150,0.117
44.155,0.090
44.160,0.082
44.165,0.082
44.170,0.058
44.175,0.063
44.180,0.080
44.185,0.050
44.190,0.032
44.195,0.050
44.200,0.037
44.205,0.007
44.210,0.017
44.215,0.018
44.220,-0.012
44.225,-0.005
44.230,0.015
44.235,-0.008
44.240,-0.025
44.245,-0.005
44.250,-0.008
44.255,-0.025
44.260,-0.009
44.265,-0.005
44.270,-0.022
44.275,-0.017
44.280,-0.007
44.285,-0.017
44.290,-0.020
44.295,-0.002
44.300,-0.003
44.305,-0.022
44.310,-0.015
44.315,0.002
44.320,-0.014
44.325,-0.018
44.330,0.001
44.335,-0.014
44.340,-0.022
44.345,-0.001
44.350,-0.011
44.355,-0.031
44.360,-0.028
44.365,-0.041
44.370,-0.074
44.375,-0.072
44.380,-0.046
44.385,-0.060
44.390,-0.094
44.395,-0.102
44.400,-0.106
44.405,-0.111
44.410,-0.088
44.415,-0.079
44.420,-0.092
44.425,-0.061
44.430,-0.017
44.435,-0.021
44.440,-0.023
44.445,0.010
44.450,0.021
44.455,0.016
44.460,0.039
44.465,0.053
44.470,0.041
44.475,0.050
44.480,0.069
44.485,0.048
44.490,0.035
44.495,0.053
44.500,0.047
44.505,0.022
44.510,0.027
44.515,0.040
44.520,0.024
44.525,0.015
44.530,0.017
44.535,-0.006
44.540,-0.010
44.545,0.017
44.550,0.014
44.555,0.017
44.560,0.050
44.565,0.039
44.570,-0.044
44.575,-0.228
44.580,-0.600
44.585,-1.118
44.590,-1.562
44.595,-1.728
44.600,-1.432
44.605,-0.718
44.610,0.049
44.615,0.524
44.620,0.622
44.625,0.573
44.630,0.546
44.635,0.454
44.640,0.346
44.645,0.312
44.650,0.281
44.655,0.249
44.660,0.256
44.665,0.256
44.670,0.226
44.675,0.213
44.680,0.218
44.685,0.193
44.690,0.170
44.695,0.184
44.700,0.176
44.705,0.146
44.710,0.146
44.715,0.143
44.720,0.112
44.725,0.111
44.730,0.126
44.735,0.104
44.740,0.081
44.745,0.085
44.750,0.070
44.755,0.052
44.760,0.065
44.765,0.058
44.770,0.016
44.775,0.013
44.780,0.026
44.785,-0.004
44.790,-0.023
44.795,-0.018
44.800,-0.042
44.805,-0.076
44.810,-0.078
44.815,-0.087
44.820,-0.126
44.825,-0.143
44.830,-0.140
44.835,-0.160
44.840,-0.182
44.845,-0.179
44.850,-0.190
44.855,-0.210
44.860,-0.200
44.865,-0.189
44.870,-0.199
44.875,-0.184
44.880,-0.139
44.885,-0.108
44.890,-0.075
44.895,-0.019
44.900,0.019
44.905,0.046
44.910,0.100
44.915,0.143
44.920,0.144
44.925,0.158
44.930,0.183
44.935,0.179
44.940,0.178
44.945,0.197
44.950,0.191
44.955,0.170
44.960,0.178
44.965,0.178
44.970,0.150
44.975,0.146
44.980,0.151
44.985,0.125
44.990,0.112
44.995,0.127
45.000,0.116
45.005,0.091
45.010,0.098
45.015,0.098
45.020,0.069
45.025,0.060
45.030,0.070
45.035,0.058
45.040,0.044
45.045,0.050
45.050,0.037
45.055,0.018
45.060,0.028
45.065,0.030
45.070,0.007
45.075,0.006
45.080,0.017
45.085,-0.009
45.090,-0.027
45.095,-0.002
45.100,0.001
45.105,-0.019
45.110,-0.010
45.115,-0.002
45.120,-0.020
45.125,-0.016
45.130,-0.001
45.135,-0.019
45.140,-0.027
45.145,-0.006
45.150,-0.012
45.155,-0.030
45.160,-0.009
45.165,0.004
45.170,-0.019
45.175,-0.016
45.180,0.001
45.185,-0.010
45.190,-0.018
45.195,-0.006
45.200,-0.015
45.205,-0.032
45.210,-0.014
45.215,-0.003
45.220,-0.017
45.225,-0.015
45.230,-0.010
45.235,-0.031
45.240,-0.039
45.245,-0.020
45.250,-0.033
45.255,-0.070
45.260,-0.072
45.265,-0.070
45.270,-0.087
45.275,-0.077
45.280,-0.067
45.285,-0.108
45.290,-0.122
45.295,-0.080
45.300,-0.078
45.305,-0.096
45.310,-0.065
45.315,-0.038
45.320,-0.043
45.325,-0.024
45.330,-0.002
45.335,-0.011
45.340,0.001
45.345,0.034
45.350,0.037
45.355,0.034
45.360,0.055
45.365,0.055
45.370,0.034
45.375,0.044
45.380,0.058
45.385,0.043
45.390,0.035
45.395,0.051
45.400,0.040
45.405,0.019
45.410,0.029
45.415,0.021
45.420,-0.007
45.425,-0.003
45.430,0.010
45.435,-0.003
45.440,0.004
45.445,0.047
45.450,0.043
45.455,0.003
45.460,-0.041
45.465,-0.219
45.470,-0.612
45.475,-1.088
45.480,-1.492
45.485,-1.673
45.490,-1.377
45.495,-0.661
45.500,0.052
45.505,0.490
45.510,0.622
45.515,0.582
45.520,0.517
45.525,0.432
45.530,0.342
45.535,0.278
45.540,0.252
45.545,0.263
45.550,0.253
45.555,0.231
45.560,0.234
45.565,0.223
45.570,0.187
45.575,0.179
45.580,0.189
45.585,0.166
45.590,0.148
45.595,0.161
45.600,0.148
45.605,0.120
45.610,0.126
45.615,0.126
45.620,0.097
45.625,0.090
45.630,0.100
45.635,0.079
45.640,0.059
45.645,0.066
45.650,0.053
45.655,0.027
45.660,0.031
45.665,0.031
45.670,0.003
45.675,-0.005
45.680,-0.006
45.685,-0.039
45.690,-0.063
45.695,-0.055
45.700,-0.072
45.705,-0.106
45.710,-0.111
45.715,-0.119
45.720,-0.152
45.725,-0.164
45.730,-0.165
45.735,-0.190
45.740,-0.206
45.745,-0.193
45.750,-0.194
45.755,-0.209
45.760,-0.194
45.765,-0.175
45.770,-0.170
45.775,-0.133
45.780,-0.075
45.785,-0.042
45.790,-0.002
45.795,0.061
45.800,0.095
45.805,0.113
45.810,0.155
45.815,0.176
45.820,0.167
45.825,0.183
45.830,0.206
45.835,0.191
45.840,0.183
45.845,0.200
45.850,0.187
45.855,0.156
45.860,0.159
45.865,0.164
45.870,0.141
45.875,0.135
45.880,0.144
45.885,0.120
45.890,0.102
45.895,0.115
45.900,0.105
45.905,0.079
45.910,0.086
45.915,0.086
45.920,0.059
45.925,0.058
45.930,0.069
45.935,0.047
45.940,0.027
45.945,0.038
45.950,0.028
45.955,0.002
45.960,0.012
45.965,0.021
45.970,0.002
45.975,0.003
45.980,0.016
45.985,0.000
45.990,-0.008
45.995,0.007
46.000,-0.002
46.005,-0.020
46.010,-0.004
46.015,0.001
46.020,-0.020
46.025,-0.014
46.030,0.003
46.035,-0.007
46.040,-0.013
46.045,-0.001
46.050,-0.009
46.055,-0.021
46.060,-0.005
46.065,-0.003
46.070,-0.021
46.075,-0.014
46.080,0.001
46.085,-0.013
46.090,-0.020
46.095,-0.003
46.100,-0.009
46.105,-0.029
46.110,-0.016
46.115,-0.005
46.120,-0.022
46.125,-0.021
46.130,-0.010
46.135,-0.023
46.140,-0.033
46.145,-0.020
46.150,-0.023
46.155,-0.039
46.160,-0.027
46.165,-0.021
46.170,-0.049
46.175,-0.062
46.180,-0.064
46.185,-0.089
46.190,-0.097
46.195,-0.071
46.200,-0.078
46.205,-0.114
46.210,-0.118
46.215,-0.111
46.220,-0.122
46.225,-0.106
46.230,-0.071
46.235,-0.065
46.240,-0.056
46.245,-0.026
46.250,-0.018
46.255,-0.022
46.260,0.004
46.265,0.022
46.270,0.016
46.275,0.031
46.280,0.058
46.285,0.050
46.290,0.040
46.295,0.055
46.300,0.051
46.305,0.033
46.310,0.045
46.315,0.045
46.320,0.018
46.325,0.023
46.330,0.038
46.335,0.013
46.340,0.001
46.345,0.020
46.350,0.013
46.355,-0.010
46.360,0.011
46.365,0.043
46.370,0.032
46.375,0.015
46.380,-0.007
46.385,-0.161
46.390,-0.495
46.395,-0.935
46.400,-1.387
46.405,-1.659
46.410,-1.489
46.415,-0.875
46.420,-0.152
46.425,0.398
46.430,0.626
46.435,0.587
46.440,0.530
46.445,0.477
46.450,0.366
46.455,0.290
46.460,0.281
46.465,0.281
46.470,0.255
46.475,0.242
46.480,0.248
46.485,0.224
46.490,0.205
46.495,0.216
46.500,0.200
46.505,0.168
46.510,0.171
46.515,0.174
46.520,0.149
46.525,0.139
46.530,0.142
46.535,0.121
46.540,0.104
46.545,0.113
46.550,0.106
46.555,0.083
46.560,0.082
46.565,0.080
46.570,0.051
46.575,0.044
46.580,0.050
46.585,0.025
46.590,0.006
46.595,0.013
46.600,-0.001
46.605,-0.032
46.610,-0.035
46.615,-0.038
46.620,-0.073
46.625,-0.093
46.630,-0.091
46.635,-0.120
46.640,-0.149
46.645,-0.144
46.650,-0.156
46.655,-0.186
46.660,-0.189
46.665,-0.190
46.670,-0.212
46.675,-0.206
46.680,-0.186
46.685,-0.195
46.690,-0.186
46.695,-0.137
46.700,-0.102
46.705,-0.073
46.710,-0.015
46.715,0.039
46.720,0.065
46.725,0.104
46.730,0.149
46.735,0.163
46.740,0.173
46.745,0.200
46.750,0.201
46.755,0.185
46.760,0.199
46.765,0.203
46.770,0.176
46.775,0.173
46.780,0.186
46.785,0.164
46.790,0.147
46.795,0.159
46.800,0.145
46.805,0.116
46.810,0.122
46.815,0.126
46.820,0.100
46.825,0.093
46.830,0.101
46.835,0.078
46.840,0.062
46.845,0.075
46.850,0.065
46.855,0.043
46.860,0.051
46.865,0.051
46.870,0.024
46.875,0.023
46.880,0.035
46.885,0.011
46.890,-0.008
46.895,0.009
46.900,0.009
46.905,-0.006
46.910,0.006
46.915,0.012
46.920,-0.012
46.925,-0.014
46.930,0.003
46.935,-0.009
46.940,-0.015
46.945,0.004
46.950,0.000
46.955,-0.019
46.960,-0.012
46.965,-0.004
46.970,-0.015
46.975,-0.010
46.980,0.006
46.985,-0.010
46.990,-0.019
46.995,0.000
47.000,-0.007
47.005,-0.028
47.010,-0.014
47.015,-0.004
47.020,-0.025
47.025,-0.022
47.030,-0.006
47.035,-0.025
47.040,-0.037
47.045,-0.013
47.050,-0.011
47.055,-0.032
47.060,-0.022
47.065,-0.015
47.070,-0.036
47.075,-0.033
47.080,-0.026
47.085,-0.061
47.090,-0.087
47.095,-0.076
47.100,-0.081
47.105,-0.087
47.110,-0.067
47.115,-0.069
47.120,-0.113
47.125,-0.130
47.130,-0.110
47.135,-0.111
47.140,-0.112
47.145,-0.074
47.150,-0.051
47.155,-0.053
47.160,-0.031
47.165,-0.013
47.170,-0.014
47.175,0.007
47.180,0.030
47.185,0.029
47.190,0.035
47.195,0.056
47.200,0.053
47.205,0.038
47.210,0.048
47.215,0.050
47.220,0.029
47.225,0.035
47.230,0.045
47.235,0.025
47.240,0.015
47.245,0.026
47.250,0.018
47.255,0.002
47.260,0.010
47.265,0.009
47.270,-0.009
47.275,0.012
47.280,0.048
47.285,0.034
47.290,0.004
47.295,-0.052
47.300,-0.271
47.305,-0.687
47.310,-1.144
47.315,-1.517
47.320,-1.651
47.325,-1.284
47.330,-0.545
47.335,0.130
47.340,0.525
47.345,0.622
47.350,0.570
47.355,0.512
47.360,0.439
47.365,0.348
47.370,0.281
47.375,0.265
47.380,0.266
47.385,0.240
47.390,0.220
47.395,0.230
47.400,0.219
47.405,0.194
47.410,0.194
47.415,0.188
47.420,0.161
47.425,0.156
47.430,0.158
47.435,0.132
47.440,0.122
47.445,0.138
47.450,0.121
47.455,0.091
47.460,0.100
47.465,0.101
47.470,0.072
47.475,0.067
47.480,0.076
47.485,0.052
47.490,0.032
47.495,0.040
47.500,0.025
47.505,-0.004
47.510,0.000
47.515,-0.006
47.520,-0.039
47.525,-0.045
47.530,-0.044
47.535,-0.077
47.540,-0.105
47.545,-0.098
47.550,-0.117
47.555,-0.156
47.560,-0.154
47.565,-0.158
47.570,-0.192
47.575,-0.197
47.580,-0.189
47.585,-0.206
47.590,-0.211
47.595,-0.186
47.600,-0.175
47.605,-0.172
47.610,-0.127
47.615,-0.074
47.620,-0.045
47.625,0.002
47.630,0.059
47.635,0.085
47.640,0.116
47.645,0.161
47.650,0.176
47.655,0.176
47.660,0.197
47.665,0.207
47.670,0.189
47.675,0.190
47.680,0.202
47.685,0.180
47.690,0.160
47.695,0.173
47.700,0.169
47.705,0.145
47.710,0.149
47.715,0.148
47.720,0.119
47.725,0.112
47.730,0.122
47.735,0.102
47.740,0.082
47.745,0.093
47.750,0.084
47.755,0.059
47.760,0.064
47.765,0.066
47.770,0.041
47.775,0.036
47.780,0.045
47.785,0.026
47.790,0.014
47.795,0.029
47.800,0.022
47.805,0.000
47.810,0.009
47.815,0.013
47.820,-0.013
47.825,-0.012
47.830,0.008
47.835,-0.003
47.840,-0.014
47.845,0.002
47.850,-0.001
47.855,-0.018
47.860,-0.004
47.865,0.003
47.870,-0.017
47.875,-0.012
47.880,0.004
47.885,-0.012
47.890,-0.021
47.895,-0.002
47.900,-0.005
47.905,-0.020
47.910,-0.005
47.915,-0.002
47.920,-0.021
47.925,-0.013
47.930,0.005
47.935,-0.014
47.940,-0.031
47.945,-0.014
47.950,-0.017
47.955,-0.037
47.960,-0.027
47.965,-0.020
47.970,-0.045
47.975,-0.058
47.980,-0.063
47.985,-0.089
47.990,-0.092
47.995,-0.060
48.000,-0.065
48.005,-0.105
48.010,-0.115
48.015,-0.113
48.020,-0.125
48.025,-0.110
48.030,-0.082
48.035,-0.079
48.040,-0.066
48.045,-0.035
48.050,-0.030
48.055,-0.028
48.060,0.009
48.065,0.031
48.070,0.018
48.075,0.027
48.080,0.051
48.085,0.046
48.090,0.040
48.095,0.055
48.100,0.048
48.105,0.026
48.110,0.039
48.115,0.050
48.120,0.029
48.125,0.021
48.130,0.029
48.135,0.009
48.140,-0.001
48.145,0.018
48.150,0.008
48.155,-0.015
48.160,-0.001
48.165,0.023
48.170,0.028
48.175,0.029
48.180,0.026
48.185,-0.063
48.190,-0.319
48.195,-0.729
48.200,-1.199
48.205,-1.571
48.210,-1.627
48.215,-1.195
48.220,-0.467
48.225,0.199
48.230,0.570
48.235,0.603
48.240,0.546
48.245,0.529
48.250,0.435
48.255,0.319
48.260,0.281
48.265,0.263
48.270,0.237
48.275,0.235
48.280,0.240
48.285,0.216
48.290,0.195
48.295,0.200
48.300,0.186
48.305,0.163
48.310,0.168
48.315,0.158
48.320,0.131
48.325,0.133
48.330,0.138
48.335,0.113
48.340,0.097
48.345,0.111
48.350,0.102
48.355,0.074
48.360,0.074
48.365,0.072
48.370,0.048
48.375,0.046
48.380,0.052
48.385,0.023
48.390,0.002
48.395,0.009
48.400,-0.006
48.405,-0.032
48.410,-0.029
48.415,-0.035
48.420,-0.068
48.425,-0.083
48.430,-0.086
48.435,-0.116
48.440,-0.139
48.445,-0.138
48.450,-0.156
48.455,-0.177
48.460,-0.173
48.465,-0.183
48.470,-0.208
48.475,-0.205
48.480,-0.188
48.485,-0.194
48.490,-0.186
48.495,-0.093
48.500,0.053
48.505,0.122
48.510,0.137
48.515,0.176
48.520,0.194
48.525,0.217
48.530,0.262
48.535,0.266
48.540,0.269
48.545,0.296
48.550,0.288
48.555,0.261
48.560,0.266
48.565,0.265
48.570,0.234
48.575,0.224
48.580,0.229
48.585,0.201
48.590,0.179
48.595,0.190
48.600,0.172
48.605,0.140
48.610,0.144
48.615,0.138
48.620,0.102
48.625,0.090
48.630,0.094
48.635,0.069
48.640,0.049
48.645,0.056
48.650,0.042
48.655,0.017
48.660,0.022
48.665,0.020
48.670,-0.005
48.675,-0.008
48.680,-0.001
48.685,-0.026
48.690,-0.042
48.695,-0.026
48.700,-0.035
48.705,-0.058
48.710,-0.042
48.715,-0.035
48.720,-0.059
48.725,-0.059
48.730,-0.049
48.735,-0.064
48.740,-0.065
48.745,-0.045
48.750,-0.053
48.755,-0.074
48.760,-0.059
48.765,-0.049
48.770,-0.066
48.775,-0.060
48.780,-0.046
48.785,-0.063
48.790,-0.068
48.795,-0.047
48.800,-0.058
48.805,-0.080
48.810,-0.066
48.815,-0.060
48.820,-0.078
48.825,-0.071
48.830,-0.052
48.835,-0.063
48.840,-0.074
48.845,-0.061
48.850,-0.064
48.855,-0.080
48.860,-0.069
48.865,-0.063
48.870,-0.087
48.875,-0.098
48.880,-0.104
48.885,-0.132
48.890,-0.138
48.895,-0.107
48.900,-0.107
48.905,-0.145
48.910,-0.158
48.915,-0.152
48.920,-0.150
48.925,-0.135
48.930,-0.111
48.935,-0.102
48.940,-0.090
48.945,-0.068
48.950,-0.056
48.955,-0.041
48.960,-0.009
48.965,0.003
48.970,-0.008
48.975,0.007
48.980,0.033
48.985,0.026
48.990,0.021
48.995,0.037
49.000,0.028
49.005,0.007
49.010,0.025
49.015,0.035
49.020,0.010
49.025,0.012
49.030,0.026
49.035,0.006
49.040,-0.001
49.045,0.015
49.050,0.005
49.055,-0.018
49.060,-0.005
49.065,0.022
49.070,0.024
49.075,0.023
49.080,0.019
49.085,-0.095
49.090,-0.379
49.095,-0.796
49.100,-1.263
49.105,-1.598
49.110,-1.557
49.115,-1.036
49.120,-0.298
49.125,0.305
49.130,0.599
49.135,0.595
49.140,0.542
49.145,0.520
49.150,0.419
49.155,0.312
49.160,0.280
49.165,0.259
49.170,0.233
49.175,0.238
49.180,0.244
49.185,0.216
49.190,0.196
49.195,0.203
49.200,0.185
49.205,0.156
49.210,0.163
49.215,0.165
49.220,0.135
49.225,0.130
49.230,0.137
49.235,0.111
49.240,0.102
49.245,0.120
49.250,0.103
49.255,0.077
49.260,0.091
49.265,0.088
49.270,0.048
49.275,0.039
49.280,0.047
49.285,0.019
49.290,0.005
49.295,0.020
49.300,-0.002
49.305,-0.036
49.310,-0.029
49.315,-0.031
49.320,-0.069
49.325,-0.079
49.330,-0.076
49.335,-0.110
49.340,-0.135
49.345,-0.134
49.350,-0.152
49.355,-0.176
49.360,-0.171
49.365,-0.170
49.370,-0.191
49.375,-0.192
49.380,-0.184
49.385,-0.197
49.390,-0.180
49.395,-0.128
49.400,-0.095
49.405,-0.066
49.410,-0.004
49.415,0.045
49.420,0.066
49.425,0.113
49.430,0.157
49.435,0.159
49.440,0.173
49.445,0.200
49.450,0.200
49.455,0.194
49.460,0.206
49.465,0.212
49.470,0.198
49.475,0.187
49.480,0.183
49.485,0.161
49.490,0.150
49.495,0.168
49.500,0.159
49.505,0.133
49.510,0.134
49.515,0.129
49.520,0.107
49.525,0.104
49.530,0.105
49.535,0.080
49.540,0.072
49.545,0.086
49.550,0.070
49.555,0.046
49.560,0.055
49.565,0.050
49.570,0.026
49.575,0.039
49.580,0.053
49.585,0.023
49.590,0.002
49.595,0.013
49.600,0.009
49.605,-0.012
49.610,0.000
49.615,0.017
49.620,-0.001
49.625,0.003
49.630,0.019
49.635,-0.007
49.640,-0.020
49.645,0.004
49.650,0.001
49.655,-0.023
49.660,-0.008
49.665,0.014
49.670,0.003
49.675,0.000
49.680,0.004
49.685,-0.015
49.690,-0.023
49.695,-0.003
49.700,-0.005
49.705,-0.016
49.710,-0.002
49.715,0.003
49.720,-0.018
49.725,-0.023
49.730,-0.009
49.735,-0.022
49.740,-0.036
49.745,-0.022
49.750,-0.040
49.755,-0.078
49.760,-0.073
49.765,-0.060
49.770,-0.075
49.775,-0.088
49.780,-0.105
49.785,-0.135
49.790,-0.122
49.795,-0.083
49.800,-0.085
49.805,-0.090
49.810,-0.056
49.815,-0.034
49.820,-0.033
49.825,-0.014
49.830,0.006
49.835,0.000
49.840,0.004
49.845,0.037
49.850,0.044
49.855,0.038
49.860,0.059
49.865,0.060
49.870,0.034
49.875,0.042
49.880,0.061
49.885,0.035
49.890,0.015
49.895,0.038
49.900,0.038
49.905,0.010
49.910,0.017
49.915,0.021
49.920,-0.011
49.925,-0.003
49.930,0.023
49.935,0.005
49.940,0.011
49.945,0.060
49.950,0.063
49.955,0.022
49.960,-0.101
49.965,-0.446
49.970,-0.959
49.975,-1.405
49.980,-1.679
49.985,-1.607
49.990,-0.990
49.995,-0.158
50.000,0.403
50.005,0.598
50.010,0.595
50.015,0.560
50.020,0.510
50.025,0.430
50.030,0.340
50.035,0.265
50.040,0.242
50.045,0.257
50.050,0.242
50.055,0.214
50.060,0.218
50.065,0.213
50.070,0.173
50.075,0.161
50.080,0.182
50.085,0.158
50.090,0.130
50.095,0.142
50.100,0.128
50.105,0.102
50.110,0.111
50.115,0.106
50.120,0.086
50.125,0.098
50.130,0.103
50.135,0.063
50.140,0.042
50.145,0.054
50.150,0.035
50.155,0.015
50.160,0.023
50.165,0.018
50.170,-0.009
50.175,-0.016
50.180,-0.014
50.185,-0.046
50.190,-0.067
50.195,-0.056
50.200,-0.080
50.205,-0.122
50.210,-0.123
50.215,-0.131
50.220,-0.159
50.225,-0.155
50.230,-0.155
50.235,-0.184
50.240,-0.186
50.245,-0.169
50.250,-0.186
50.255,-0.200
50.260,-0.170
50.265,-0.142
50.270,-0.143
50.275,-0.108
50.280,-0.039
50.285,-0.001
50.290,0.039
50.295,0.098
50.300,0.113
50.305,0.120
50.310,0.167
50.315,0.180
50.320,0.159
50.325,0.175
50.330,0.198
50.335,0.187
50.340,0.181
50.345,0.187
50.350,0.165
50.355,0.140
50.360,0.153
50.365,0.163
50.370,0.133
50.375,0.118
50.380,0.133
50.385,0.105
50.390,0.084
50.395,0.107
50.400,0.095
50.405,0.069
50.410,0.063
50.415,0.056
50.420,0.044
50.425,0.040
50.430,0.047
50.435,0.036
50.440,0.020
50.445,0.034
50.450,0.030
50.455,-0.002
50.460,-0.003
50.465,0.005
50.470,-0.014
50.475,-0.013
50.480,0.012
50.485,-0.001
50.490,-0.014
50.495,0.008
50.500,0.001
50.505,-0.010
50.510,0.009
50.515,0.001
50.520,-0.031
50.525,-0.027
50.530,0.006
50.535,0.007
50.540,-0.004
50.545,0.007
50.550,-0.003
50.555,-0.027
50.560,-0.012
50.565,0.001
50.570,-0.010
50.575,-0.002
50.580,0.005
50.585,-0.021
50.590,-0.025
50.595,0.004
50.600,0.000
50.605,-0.017
50.610,-0.009
50.615,-0.017
50.620,-0.041
50.625,-0.053
50.630,-0.060
50.635,-0.076
50.640,-0.074
50.645,-0.051
50.650,-0.069
50.655,-0.115
50.660,-0.119
50.665,-0.107
50.670,-0.108
50.675,-0.093
50.680,-0.075
50.685,-0.078
50.690,-0.068
50.695,-0.030
50.700,-0.012
50.705,-0.008
50.710,0.018
50.715,0.027
50.720,0.009
50.725,0.023
50.730,0.058
50.735,0.044
50.740,0.034
50.745,0.061
50.750,0.052
50.755,0.029
50.760,0.049
50.765,0.057
50.770,0.018
50.775,0.012
50.780,0.038
50.785,0.027
50.790,0.003
50.795,0.004
50.800,-0.004
50.805,-0.015
50.810,0.014
50.815,0.039
50.820,0.041
50.825,0.058
50.830,0.054
50.835,-0.055
50.840,-0.317
50.845,-0.753
50.850,-1.264
50.855,-1.663
50.860,-1.749
50.865,-1.310
50.870,-0.500
50.875,0.229
50.880,0.595
50.885,0.618
50.890,0.568
50.895,0.565
50.900,0.477
50.905,0.350
50.910,0.309
50.915,0.288
50.920,0.252
50.925,0.253
50.930,0.254
50.935,0.222
50.940,0.209
50.945,0.224
50.950,0.206
50.955,0.174
50.960,0.180
50.965,0.173
50.970,0.134
50.975,0.130
50.980,0.141
50.985,0.118
50.990,0.102
50.995,0.109
51.000,0.102
51.005,0.084
51.010,0.088
51.015,0.081
51.020,0.045
51.025,0.040
51.030,0.053
51.035,0.032
51.040,0.010
51.045,0.014
51.050,-0.002
51.055,-0.032
51.060,-0.030
51.065,-0.038
51.070,-0.074
51.075,-0.080
51.080,-0.082
51.085,-0.115
51.090,-0.131
51.095,-0.130
51.100,-0.160
51.105,-0.193
51.110,-0.177
51.115,-0.165
51.120,-0.190
51.125,-0.193
51.130,-0.179
51.135,-0.190
51.140,-0.179
51.145,-0.130
51.150,-0.099
51.155,-0.069
51.160,-0.008
51.165,0.036
51.170,0.055
51.175,0.095
51.180,0.138
51.185,0.150
51.190,0.162
51.195,0.189
51.200,0.182
51.205,0.168
51.210,0.190
51.215,0.194
51.220,0.160
51.225,0.158
51.230,0.177
51.235,0.159
51.240,0.147
51.245,0.154
51.250,0.132
51.255,0.104
51.260,0.115
51.265,0.115
51.270,0.081
51.275,0.082
51.280,0.094
51.285,0.067
51.290,0.060
51.295,0.077
51.300,0.060
51.305,0.032
51.310,0.038
51.315,0.038
51.320,0.010
51.325,0.007
51.330,0.023
51.335,0.002
51.340,-0.012
51.345,0.009
51.350,0.001
51.355,-0.019
51.360,-0.004
51.365,-0.003
51.370,-0.021
51.375,-0.012
51.380,-0.003
51.385,-0.025
51.390,-0.027
51.395,-0.004
51.400,-0.009
51.405,-0.030
51.410,-0.015
51.415,-0.001
51.420,-0.017
51.425,-0.012
51.430,0.007
51.435,-0.009
51.440,-0.022
51.445,-0.008
51.450,-0.012
51.455,-0.018
51.460,0.001
51.465,-0.001
51.470,-0.025
51.475,-0.015
51.480,0.003
51.485,-0.019
51.490,-0.034
51.495,-0.020
51.500,-0.041
51.505,-0.084
51.510,-0.080
51.515,-0.061
51.520,-0.067
51.525,-0.075
51.530,-0.096
51.535,-0.123
51.540,-0.112
51.545,-0.085
51.550,-0.091
51.555,-0.094
51.560,-0.057
51.565,-0.039
51.570,-0.050
51.575,-0.024
51.580,0.015
51.585,0.017
51.590,0.015
51.595,0.037
51.600,0.047
51.605,0.041
51.610,0.050
51.615,0.055
51.620,0.036
51.625,0.036
51.630,0.052
51.635,0.034
51.640,0.025
51.645,0.046
51.650,0.035
51.655,0.012
51.660,0.023
51.665,0.024
51.670,-0.003
51.675,-0.041
51.680,-0.090
51.685,-0.100
51.690,-0.053
51.695,-0.016
51.700,-0.036
51.705,-0.090
51.710,-0.217
51.715,-0.550
51.720,-1.053
51.725,-1.508
51.730,-1.757
51.735,-1.619
51.740,-0.987
51.745,-0.177
51.750,0.387
51.755,0.588
51.760,0.582
51.765,0.548
51.770,0.467
51.775,0.361
51.780,0.309
51.785,0.275
51.790,0.261
51.795,0.274
51.800,0.258
51.805,0.228
51.810,0.230
51.815,0.222
51.820,0.197
51.825,0.201
51.830,0.212
51.835,0.189
51.840,0.167
51.845,0.171
51.850,0.157
51.855,0.137
51.860,0.147
51.865,0.146
51.870,0.117
51.875,0.111
51.880,0.118
51.885,0.101
51.890,0.094
51.895,0.100
51.900,0.075
51.905,0.049
51.910,0.058
51.915,0.047
51.920,0.010
51.925,0.006
51.930,0.012
51.935,-0.014
51.940,-0.031
51.945,-0.029
51.950,-0.055
51.955,-0.087
51.960,-0.094
51.965,-0.113
51.970,-0.144
51.975,-0.145
51.980,-0.140
51.985,-0.163
51.990,-0.174
51.995,-0.163
52.000,-0.174
52.005,-0.191
52.010,-0.161
52.015,-0.127
52.020,-0.111
52.025,-0.061
52.030,-0.001
52.035,0.023
52.040,0.052
52.045,0.104
52.050,0.136
52.055,0.156
52.060,0.190
52.065,0.207
52.070,0.203
52.075,0.217
52.080,0.229
52.085,0.207
52.090,0.193
52.095,0.206
52.100,0.193
52.105,0.168
52.110,0.176
52.115,0.174
52.120,0.145
52.125,0.146
52.130,0.157
52.135,0.130
52.140,0.111
52.145,0.121
52.150,0.107
52.155,0.090
52.160,0.099
52.165,0.085
52.170,0.053
52.175,0.058
52.180,0.069
52.185,0.044
52.190,0.032
52.195,0.049
52.200,0.033
52.205,0.010
52.210,0.022
52.215,0.016
52.220,-0.006
52.225,0.005
52.230,0.016
52.235,-0.011
52.240,-0.019
52.245,0.001
52.250,-0.006
52.255,-0.022
52.260,-0.005
52.265,0.006
52.270,-0.012
52.275,-0.015
52.280,-0.007
52.285,-0.021
52.290,-0.027
52.295,-0.005
52.300,-0.006
52.305,-0.018
52.310,-0.005
52.315,-0.006
52.320,-0.025
52.325,-0.015
52.330,0.002
52.335,-0.018
52.340,-0.031
52.345,-0.013
52.350,-0.013
52.355,-0.025
52.360,-0.006
52.365,-0.002
52.370,-0.036
52.375,-0.041
52.380,-0.020
52.385,-0.027
52.390,-0.039
52.395,-0.034
52.400,-0.050
52.405,-0.076
52.410,-0.076
52.415,-0.078
52.420,-0.091
52.425,-0.075
52.430,-0.071
52.435,-0.116
52.440,-0.135
52.445,-0.109
52.450,-0.104
52.455,-0.108
52.460,-0.077
52.465,-0.059
52.470,-0.073
52.475,-0.050
52.480,-0.016
52.485,-0.016
52.490,-0.003
52.495,0.023
52.500,0.025
52.505,0.023
52.510,0.042
52.515,0.047
52.520,0.034
52.525,0.049
52.530,0.059
52.535,0.033
52.540,0.026
52.545,0.044
52.550,0.028
52.555,0.010
52.560,0.022
52.565,0.015
52.570,-0.004
52.575,0.001
52.580,0.011
52.585,-0.009
52.590,-0.010
52.595,0.035
52.600,0.045
52.605,0.015
52.610,-0.027
52.615,-0.201
52.620,-0.582
52.625,-1.051
52.630,-1.465
52.635,-1.685
52.640,-1.440
52.645,-0.739
52.650,-0.006
52.655,0.466
52.660,0.628
52.665,0.589
52.670,0.520
52.675,0.447
52.680,0.357
52.685,0.286
52.690,0.258
52.695,0.267
52.700,0.257
52.705,0.234
52.710,0.232
52.715,0.219
52.720,0.192
52.725,0.191
52.730,0.187
52.735,0.160
52.740,0.151
52.745,0.161
52.750,0.146
52.755,0.125
52.760,0.135
52.765,0.128
52.770,0.095
52.775,0.091
52.780,0.096
52.785,0.072
52.790,0.063
52.795,0.073
52.800,0.054
52.805,0.030
52.810,0.036
52.815,0.035
52.820,0.004
52.825,-0.010
52.830,-0.008
52.835,-0.035
52.840,-0.056
52.845,-0.049
52.850,-0.067
52.855,-0.097
52.860,-0.102
52.865,-0.121
52.870,-0.155
52.875,-0.159
52.880,-0.163
52.885,-0.191
52.890,-0.199
52.895,-0.188
52.900,-0.203
52.905,-0.219
52.910,-0.196
52.915,-0.176
52.920,-0.171
52.925,-0.129
52.930,-0.073
52.935,-0.048
52.940,-0.011
52.945,0.053
52.950,0.084
52.955,0.103
52.960,0.153
52.965,0.179
52.970,0.170
52.975,0.184
52.980,0.205
52.985,0.190
52.990,0.185
52.995,0.201
53.000,0.185
53.005,0.165
53.010,0.180
53.015,0.177
53.020,0.144
53.025,0.137
53.030,0.133
53.035,0.108
53.040,0.109
53.045,0.124
53.050,0.106
53.055,0.083
53.060,0.090
53.065,0.084
53.070,0.053
53.075,0.052
53.080,0.066
53.085,0.047
53.090,0.035
53.095,0.043
53.100,0.024
53.105,0.008
53.110,0.025
53.115,0.023
53.120,-0.001
53.125,0.001
53.130,0.010
53.135,-0.008
53.140,-0.012
53.145,0.000
53.150,-0.012
53.155,-0.024
53.160,-0.005
53.165,0.000
53.170,-0.021
53.175,-0.013
53.180,0.001
53.185,-0.015
53.190,-0.018
53.195,0.000
53.200,-0.010
53.205,-0.021
53.210,0.000
53.215,-0.003
53.220,-0.027
53.225,-0.017
53.230,-0.003
53.235,-0.021
53.240,-0.021
53.245,-0.002
53.250,-0.015
53.255,-0.028
53.260,-0.011
53.265,-0.013
53.270,-0.028
53.275,-0.012
53.280,-0.005
53.285,-0.033
53.290,-0.037
53.295,-0.017
53.300,-0.024
53.305,-0.035
53.310,-0.020
53.315,-0.025
53.320,-0.052
53.325,-0.056
53.330,-0.065
53.335,-0.095
53.340,-0.094
53.345,-0.063
53.350,-0.074
53.355,-0.117
53.360,-0.121
53.365,-0.113
53.370,-0.116
53.375,-0.095
53.380,-0.076
53.385,-0.079
53.390,-0.062
53.395,-0.028
53.400,-0.023
53.405,-0.020
53.410,0.014
53.415,0.025
53.420,0.015
53.425,0.039
53.430,0.060
53.435,0.043
53.440,0.036
53.445,0.053
53.450,0.044
53.455,0.026
53.460,0.044
53.465,0.047
53.470,0.021
53.475,0.028
53.480,0.041
53.485,0.021
53.490,0.009
53.495,0.013
53.500,0.003
53.505,-0.005
53.510,0.014
53.515,0.033
53.520,0.029
53.525,0.031
53.530,0.016
53.535,-0.122
53.540,-0.422
53.545,-0.847
53.550,-1.308
53.555,-1.619
53.560,-1.526
53.565,-0.970
53.570,-0.243
53.575,0.343
53.580,0.609
53.585,0.589
53.590,0.543
53.595,0.506
53.600,0.385
53.605,0.291
53.610,0.281
53.615,0.267
53.620,0.234
53.625,0.233
53.630,0.236
53.635,0.206
53.640,0.194
53.645,0.203
53.650,0.187
53.655,0.163
53.660,0.168
53.665,0.162
53.670,0.134
53.675,0.135
53.680,0.142
53.685,0.116
53.690,0.102
53.695,0.106
53.700,0.084
53.705,0.063
53.710,0.076
53.715,0.075
53.720,0.050
53.725,0.046
53.730,0.050
53.735,0.030
53.740,0.011
53.745,0.011
53.750,-0.009
53.755,-0.031
53.760,-0.028
53.765,-0.044
53.770,-0.075
53.775,-0.082
53.780,-0.092
53.785,-0.125
53.790,-0.139
53.795,-0.137
53.800,-0.168
53.805,-0.194
53.810,-0.177
53.815,-0.178
53.820,-0.208
53.825,-0.208
53.830,-0.191
53.835,-0.196
53.840,-0.180
53.845,-0.132
53.850,-0.107
53.855,-0.080
53.860,-0.012
53.865,0.039
53.870,0.062
53.875,0.106
53.880,0.147
53.885,0.149
53.890,0.166
53.895,0.202
53.900,0.200
53.905,0.181
53.910,0.192
53.915,0.197
53.920,0.178
53.925,0.179
53.930,0.182
53.935,0.154
53.940,0.144
53.945,0.159
53.950,0.141
53.955,0.118
53.960,0.130
53.965,0.125
53.970,0.098
53.975,0.098
53.980,0.099
53.985,0.075
53.990,0.067
53.995,0.079
54.000,0.063
54.005,0.042
54.010,0.050
54.015,0.044
54.020,0.017
54.025,0.024
54.030,0.035
54.035,0.012
54.040,0.004
54.045,0.015
54.050,0.000
54.055,-0.011
54.060,0.005
54.065,0.005
54.070,-0.015
54.075,-0.007
54.080,0.005
54.085,-0.012
54.090,-0.012
54.095,0.006
54.100,-0.002
54.105,-0.019
54.110,-0.006
54.115,0.000
54.120,-0.019
54.125,-0.009
54.130,0.006
54.135,-0.013
54.140,-0.018
54.145,-0.002
54.150,-0.017
54.155,-0.026
54.160,-0.001
54.165,-0.002
54.170,-0.024
54.175,-0.015
54.180,-0.006
54.185,-0.023
54.190,-0.021
54.195,-0.003
54.200,-0.018
54.205,-0.032
54.210,-0.014
54.215,-0.012
54.220,-0.030
54.225,-0.024
54.230,-0.014
54.235,-0.034
54.240,-0.042
54.245,-0.030
54.250,-0.049
54.255,-0.078
54.260,-0.074
54.265,-0.080
54.270,-0.097
54.275,-0.078
54.280,-0.068
54.285,-0.110
54.290,-0.129
54.295,-0.105
54.300,-0.105
54.305,-0.113
54.310,-0.086
54.315,-0.064
54.320,-0.061
54.325,-0.038
54.330,-0.012
54.335,-0.014
54.340,0.002
54.345,0.032
54.350,0.030
54.355,0.026
54.360,0.053
54.365,0.059
54.370,0.043
54.375,0.051
54.380,0.059
54.385,0.038
54.390,0.027
54.395,0.036
54.400,0.026
54.405,0.011
54.410,0.021
54.415,0.022
54.420,0.007
54.425,0.016
54.430,0.023
54.435,-0.004
54.440,-0.003
54.445,0.042
54.450,0.042
54.455,0.011
54.460,-0.012
54.465,-0.164
54.470,-0.524
54.475,-0.973
54.480,-1.391
54.485,-1.642
54.490,-1.450
54.495,-0.797
54.500,-0.074
54.505,0.423
54.510,0.621
54.515,0.593
54.520,0.529
54.525,0.469
54.530,0.372
54.535,0.287
54.540,0.260
54.545,0.267
54.550,0.250
54.555,0.224
54.560,0.228
54.565,0.221
54.570,0.193
54.575,0.192
54.580,0.192
54.585,0.162
54.590,0.153
54.595,0.163
54.600,0.144
54.605,0.124
54.610,0.132
54.615,0.126
54.620,0.104
54.625,0.104
54.630,0.098
54.635,0.070
54.640,0.062
54.645,0.071
54.650,0.053
54.655,0.035
54.660,0.044
54.665,0.036
54.670,0.007
54.675,0.002
54.680,-0.003
54.685,-0.032
54.690,-0.044
54.695,-0.045
54.700,-0.073
54.705,-0.099
54.710,-0.095
54.715,-0.111
54.720,-0.150
54.725,-0.155
54.730,-0.155
54.735,-0.184
54.740,-0.193
54.745,-0.178
54.750,-0.196
54.755,-0.218
54.760,-0.196
54.765,-0.182
54.770,-0.186
54.775,-0.143
54.780,-0.090
54.785,-0.067
54.790,-0.020
54.795,0.044
54.800,0.075
54.805,0.103
54.810,0.149
54.815,0.172
54.820,0.172
54.825,0.192
54.830,0.209
54.835,0.193
54.840,0.188
54.845,0.203
54.850,0.189
54.855,0.170
54.860,0.179
54.865,0.173
54.870,0.146
54.875,0.147
54.880,0.151
54.885,0.123
54.890,0.114
54.895,0.123
54.900,0.103
54.905,0.087
54.910,0.099
54.915,0.092
54.920,0.066
54.925,0.065
54.930,0.070
54.935,0.051
54.940,0.044
54.945,0.052
54.950,0.030
54.955,0.010
54.960,0.024
54.965,0.020
54.970,-0.004
54.975,0.008
54.980,0.024
54.985,0.003
54.990,-0.011
54.995,-0.002
55.000,-0.008
55.005,-0.017
55.010,0.004
55.015,0.006
55.020,-0.020
55.025,-0.011
55.030,0.005
55.035,-0.015
55.040,-0.012
55.045,0.010
55.050,-0.005
55.055,-0.020
55.060,-0.007
55.065,-0.009
55.070,-0.024
55.075,-0.014
55.080,-0.003
55.085,-0.017
55.090,-0.019
55.095,-0.003
55.100,-0.015
55.105,-0.031
55.110,-0.013
55.115,-0.009
55.120,-0.029
55.125,-0.021
55.130,-0.012
55.135,-0.033
55.140,-0.030
55.145,-0.007
55.150,-0.024
55.155,-0.039
55.160,-0.016
55.165,-0.020
55.170,-0.050
55.175,-0.052
55.180,-0.063
55.185,-0.097
55.190,-0.096
55.195,-0.065
55.200,-0.071
55.205,-0.099
55.210,-0.107
55.215,-0.121
55.220,-0.134
55.225,-0.109
55.230,-0.086
55.235,-0.089
55.240,-0.065
55.245,-0.029
55.250,-0.036
55.255,-0.041
55.260,-0.004
55.265,0.021
55.270,0.015
55.275,0.035
55.280,0.056
55.285,0.039
55.290,0.038
55.295,0.061
55.300,0.051
55.305,0.035
55.310,0.051
55.315,0.048
55.320,0.021
55.325,0.025
55.330,0.031
55.335,0.011
55.340,0.006
55.345,0.021
55.350,0.007
55.355,-0.007
55.360,0.013
55.365,0.023
55.370,0.026
55.375,0.041
55.380,0.034
55.385,-0.044
55.390,-0.236
55.395,-0.592
55.400,-1.068
55.405,-1.477
55.410,-1.621
55.415,-1.325
55.420,-0.654
55.425,0.059
55.430,0.507
55.435,0.600
55.440,0.556
55.445,0.538
55.450,0.453
55.455,0.336
55.460,0.294
55.465,0.273
55.470,0.244
55.475,0.250
55.480,0.248
55.485,0.207
55.490,0.191
55.495,0.210
55.500,0.191
55.505,0.163
55.510,0.174
55.515,0.163
55.520,0.132
55.525,0.136
55.530,0.142
55.535,0.117
55.540,0.107
55.545,0.116
55.550,0.098
55.555,0.076
55.560,0.082
55.565,0.073
55.570,0.045
55.575,0.051
55.580,0.058
55.585,0.028
55.590,0.014
55.595,0.019
55.600,-0.007
55.605,-0.032
55.610,-0.024
55.615,-0.032
55.620,-0.064
55.625,-0.072
55.630,-0.075
55.635,-0.111
55.640,-0.134
55.645,-0.129
55.650,-0.152
55.655,-0.178
55.660,-0.171
55.665,-0.175
55.670,-0.202
55.675,-0.203
55.680,-0.195
55.685,-0.206
55.690,-0.189
55.695,-0.146
55.700,-0.131
55.705,-0.106
55.710,-0.041
55.715,0.004
55.720,0.029
55.725,0.080
55.730,0.125
55.735,0.138
55.740,0.164
55.745,0.196
55.750,0.189
55.755,0.182
55.760,0.202
55.765,0.200
55.770,0.179
55.775,0.186
55.780,0.188
55.785,0.162
55.790,0.158
55.795,0.170
55.800,0.146
55.805,0.125
55.810,0.138
55.815,0.128
55.820,0.101
55.825,0.109
55.830,0.108
55.835,0.075
55.840,0.070
55.845,0.085
55.850,0.067
55.855,0.045
55.860,0.052
55.865,0.047
55.870,0.027
55.875,0.033
55.880,0.036
55.885,0.011
55.890,0.007
55.895,0.020
55.900,0.006
55.905,-0.006
55.910,0.007
55.915,0.007
55.920,-0.011
55.925,-0.002
55.930,0.011
55.935,-0.008
55.940,-0.014
55.945,0.000
55.950,-0.011
55.955,-0.017
55.960,0.001
55.965,0.000
55.970,-0.016
55.975,-0.008
55.980,-0.001
55.985,-0.017
55.990,-0.014
55.995,0.003
56.000,-0.010
56.005,-0.019
56.010,0.000
56.015,-0.007
56.020,-0.028
56.025,-0.012
56.030,0.000
56.035,-0.027
56.040,-0.030
56.045,-0.007
56.050,-0.017
56.055,-0.031
56.060,-0.015
56.065,-0.020
56.070,-0.043
56.075,-0.029
56.080,-0.017
56.085,-0.043
56.090,-0.051
56.095,-0.043
56.100,-0.075
56.105,-0.100
56.110,-0.076
56.115,-0.069
56.120,-0.090
56.125,-0.093
56.130,-0.106
56.135,-0.134
56.140,-0.124
56.145,-0.091
56.150,-0.092
56.155,-0.091
56.160,-0.055
56.165,-0.038
56.170,-0.039
56.175,-0.010
56.180,0.021
56.185,0.013
56.190,0.016
56.195,0.044
56.200,0.045
56.205,0.039
56.210,0.058
56.215,0.057
56.220,0.035
56.225,0.041
56.230,0.048
56.235,0.026
56.240,0.019
56.245,0.035
56.250,0.022
56.255,0.005
56.260,0.020
56.265,0.016
56.270,-0.010
56.275,0.001
56.280,0.021
56.285,0.019
56.290,0.029
56.295,0.039
56.300,0.003
56.305,-0.119
56.310,-0.386
56.315,-0.823
56.320,-1.291
56.325,-1.585
56.330,-1.524
56.335,-1.016
56.340,-0.278
56.345,0.327
56.350,0.589
56.355,0.585
56.360,0.557
56.365,0.503
56.370,0.380
56.375,0.310
56.380,0.285
56.385,0.248
56.390,0.242
56.395,0.250
56.400,0.226
56.405,0.202
56.410,0.204
56.415,0.193
56.420,0.169
56.425,0.173
56.430,0.173
56.435,0.145
56.440,0.140
56.445,0.148
56.450,0.121
56.455,0.104
56.460,0.120
56.465,0.110
56.470,0.082
56.475,0.082
56.480,0.084
56.485,0.057
56.490,0.048
56.495,0.058
56.500,0.036
56.505,0.019
56.510,0.027
56.515,0.009
56.520,-0.023
56.525,-0.024
56.530,-0.028
56.535,-0.061
56.540,-0.073
56.545,-0.063
56.550,-0.091
56.555,-0.125
56.560,-0.124
56.565,-0.141
56.570,-0.171
56.575,-0.169
56.580,-0.172
56.585,-0.202
56.590,-0.207
56.595,-0.189
56.600,-0.200
56.605,-0.206
56.610,-0.170
56.615,-0.141
56.620,-0.126
56.625,-0.072
56.630,-0.014
56.635,0.010
56.640,0.051
56.645,0.108
56.650,0.128
56.655,0.143
56.660,0.179
56.665,0.191
56.670,0.183
56.675,0.197
56.680,0.206
56.685,0.185
56.690,0.179
56.695,0.195
56.700,0.180
56.705,0.153
56.710,0.163
56.715,0.160
56.720,0.127
56.725,0.127
56.730,0.140
56.735,0.122
56.740,0.113
56.745,0.117
56.750,0.089
56.755,0.066
56.760,0.081
56.765,0.074
56.770,0.048
56.775,0.057
56.780,0.065
56.785,0.037
56.790,0.024
56.795,0.039
56.800,0.026
56.805,0.005
56.810,0.019
56.815,0.022
56.820,0.000
56.825,0.004
56.830,0.017
56.835,-0.002
56.840,-0.010
56.845,0.008
56.850,-0.005
56.855,-0.018
56.860,0.003
56.865,0.002
56.870,-0.015
56.875,-0.004
56.880,0.002
56.885,-0.016
56.890,-0.016
56.895,0.004
56.900,-0.007
56.905,-0.022
56.910,-0.002
56.915,-0.002
56.920,-0.025
56.925,-0.015
56.930,-0.003
56.935,-0.023
56.940,-0.024
56.945,-0.005
56.950,-0.018
56.955,-0.033
56.960,-0.014
56.965,-0.014
56.970,-0.035
56.975,-0.024
56.980,-0.013
56.985,-0.035
56.990,-0.034
56.995,-0.017
57.000,-0.036
57.005,-0.044
57.010,-0.029
57.015,-0.050
57.020,-0.083
57.025,-0.078
57.030,-0.062
57.035,-0.068
57.040,-0.075
57.045,-0.075
57.050,-0.111
57.055,-0.146
57.060,-0.126
57.065,-0.109
57.070,-0.120
57.075,-0.095
57.080,-0.064
57.085,-0.067
57.090,-0.048
57.095,-0.004
57.100,0.007
57.105,0.003
57.110,0.024
57.115,0.034
57.120,0.027
57.125,0.047
57.130,0.060
57.135,0.042
57.140,0.047
57.145,0.069
57.150,0.049
57.155,0.026
57.160,0.038
57.165,0.032
57.170,0.008
57.175,0.018
57.180,0.025
57.185,-0.001
57.190,0.000
57.195,0.017
57.200,-0.002
57.205,-0.006
57.210,0.036
57.215,0.056
57.220,0.035
57.225,0.022
57.230,-0.076
57.235,-0.391
57.240,-0.844
57.245,-1.273
57.250,-1.595
57.255,-1.578
57.260,-1.007
57.265,-0.225
57.270,0.328
57.275,0.585
57.280,0.604
57.285,0.547
57.290,0.510
57.295,0.428
57.300,0.317
57.305,0.258
57.310,0.254
57.315,0.246
57.320,0.222
57.325,0.219
57.330,0.217
57.335,0.177
57.340,0.164
57.345,0.186
57.350,0.165
57.355,0.142
57.360,0.158
57.365,0.148
57.370,0.117
57.375,0.123
57.380,0.122
57.385,0.085
57.390,0.082
57.395,0.103
57.400,0.082
57.405,0.059
57.410,0.067
57.415,0.064
57.420,0.038
57.425,0.030
57.430,0.032
57.435,0.012
57.440,-0.005
57.445,-0.006
57.450,-0.027
57.455,-0.050
57.460,-0.040
57.465,-0.046
57.470,-0.083
57.475,-0.094
57.480,-0.096
57.485,-0.134
57.490,-0.155
57.495,-0.148
57.500,-0.167
57.505,-0.186
57.510,-0.174
57.515,-0.175
57.520,-0.198
57.525,-0.196
57.530,-0.181
57.535,-0.170
57.540,-0.139
57.545,-0.094
57.550,-0.064
57.555,-0.029
57.560,0.033
57.565,0.069
57.570,0.084
57.575,0.134
57.580,0.173
57.585,0.164
57.590,0.172
57.595,0.197
57.600,0.186
57.605,0.178
57.610,0.202
57.615,0.189
57.620,0.156
57.625,0.164
57.630,0.174
57.635,0.148
57.640,0.142
57.645,0.156
57.650,0.130
57.655,0.099
57.660,0.112
57.665,0.110
57.670,0.084
57.675,0.092
57.680,0.092
57.685,0.056
57.690,0.057
57.695,0.078
57.700,0.054
57.705,0.028
57.710,0.037
57.715,0.033
57.720,0.016
57.725,0.023
57.730,0.023
57.735,-0.002
57.740,0.006
57.745,0.029
57.750,0.000
57.755,-0.020
57.760,0.013
57.765,0.011
57.770,-0.021
57.775,-0.012
57.780,0.000
57.785,-0.015
57.790,-0.005
57.795,0.017
57.800,-0.008
57.805,-0.023
57.810,0.008
57.815,0.006
57.820,-0.021
57.825,-0.015
57.830,-0.004
57.835,-0.010
57.840,-0.005
57.845,0.007
57.850,-0.007
57.855,-0.016
57.860,0.000
57.865,-0.005
57.870,-0.024
57.875,-0.020
57.880,-0.017
57.885,-0.026
57.890,-0.019
57.895,-0.005
57.900,-0.023
57.905,-0.042
57.910,-0.033
57.915,-0.049
57.920,-0.083
57.925,-0.079
57.930,-0.067
57.935,-0.091
57.940,-0.105
57.945,-0.092
57.950,-0.107
57.955,-0.126
57.960,-0.104
57.965,-0.087
57.970,-0.084
57.975,-0.058
57.980,-0.039
57.985,-0.035
57.990,-0.005
57.995,0.023
58.000,0.005
58.005,0.006
58.010,0.049
58.015,0.042
58.020,0.021
58.025,0.056
58.030,0.069
58.035,0.038
58.040,0.035
58.045,0.056
58.050,0.040
58.055,0.012
58.060,0.030
58.065,0.035
58.070,0.006
58.075,0.011
58.080,0.014
58.085,-0.014
58.090,-0.007
58.095,0.017
58.100,0.013
58.105,0.035
58.110,0.075
58.115,0.060
58.120,-0.032
58.125,-0.241
58.130,-0.636
58.135,-1.147
58.140,-1.571
58.145,-1.751
58.150,-1.438
58.155,-0.650
58.160,0.117
58.165,0.528
58.170,0.608
58.175,0.587
58.180,0.573
58.185,0.475
58.190,0.365
58.195,0.326
58.200,0.281
58.205,0.245
58.210,0.259
58.215,0.247
58.220,0.213
58.225,0.218
58.230,0.216
58.235,0.181
58.240,0.174
58.245,0.182
58.250,0.156
58.255,0.133
58.260,0.141
58.265,0.138
58.270,0.117
58.275,0.121
58.280,0.120
58.285,0.090
58.290,0.085
58.295,0.094
58.300,0.070
58.305,0.051
58.310,0.057
58.315,0.038
58.320,0.006
58.325,0.013
58.330,0.024
58.335,-0.001
58.340,-0.017
58.345,-0.020
58.350,-0.047
58.355,-0.069
58.360,-0.068
58.365,-0.085
58.370,-0.126
58.375,-0.129
58.380,-0.124
58.385,-0.168
58.390,-0.188
58.395,-0.169
58.400,-0.182
58.405,-0.199
58.410,-0.180
58.415,-0.176
58.420,-0.199
58.425,-0.174
58.430,-0.134
58.435,-0.130
58.440,-0.091
58.445,-0.018
58.450,0.012
58.455,0.037
58.460,0.092
58.465,0.127
58.470,0.135
58.475,0.160
58.480,0.177
58.485,0.169
58.490,0.183
58.495,0.208
58.500,0.194
58.505,0.181
58.510,0.178
58.515,0.153
58.520,0.140
58.525,0.157
58.530,0.164
58.535,0.131
58.540,0.114
58.545,0.135
58.550,0.118
58.555,0.091
58.560,0.101
58.565,0.096
58.570,0.067
58.575,0.065
58.580,0.080
58.585,0.053
58.590,0.036
58.595,0.049
58.600,0.030
58.605,0.021
58.610,0.028
58.615,0.006
58.620,-0.008
58.625,0.010
58.630,0.016
58.635,-0.008
58.640,-0.004
58.645,0.008
58.650,-0.017
58.655,-0.030
58.660,-0.008
58.665,-0.001
58.670,-0.025
58.675,-0.025
58.680,-0.001
58.685,-0.011
58.690,-0.014
58.695,-0.001
58.700,-0.016
58.705,-0.018
58.710,-0.001
58.715,-0.010
58.720,-0.030
58.725,-0.015
58.730,0.009
58.735,-0.003
58.740,-0.011
58.745,0.000
58.750,-0.013
58.755,-0.021
58.760,-0.004
58.765,-0.009
58.770,-0.030
58.775,-0.021
58.780,-0.013
58.785,-0.047
58.790,-0.072
58.795,-0.058
58.800,-0.062
58.805,-0.076
58.810,-0.058
58.815,-0.066
58.820,-0.120
58.825,-0.127
58.830,-0.097
58.835,-0.099
58.840,-0.085
58.845,-0.053
58.850,-0.051
58.855,-0.052
58.860,-0.026
58.865,-0.009
58.870,-0.009
58.875,0.006
58.880,0.034
58.885,0.040
58.890,0.041
58.895,0.057
58.900,0.042
58.905,0.033
58.910,0.064
58.915,0.056
58.920,0.022
58.925,0.042
58.930,0.051
58.935,0.017
58.940,0.017
58.945,0.034
58.950,0.014
58.955,-0.001
58.960,0.014
58.965,0.011
58.970,-0.013
58.975,0.008
58.980,0.054
58.985,0.049
58.990,0.029
58.995,-0.022
59.000,-0.243
59.005,-0.677
59.010,-1.177
59.015,-1.601
59.020,-1.792
59.025,-1.444
59.030,-0.650
59.035,0.094
59.040,0.540
59.045,0.662
59.050,0.597
59.055,0.552
59.060,0.493
59.065,0.372
59.070,0.300
59.075,0.296
59.080,0.284
59.085,0.252
59.090,0.239
59.095,0.240
59.100,0.220
59.105,0.199
59.110,0.207
59.115,0.196
59.120,0.167
59.125,0.169
59.130,0.173
59.135,0.147
59.140,0.132
59.145,0.137
59.150,0.121
59.155,0.101
59.160,0.110
59.165,0.094
59.170,0.054
59.175,0.059
59.180,0.075
59.185,0.048
59.190,0.038
59.195,0.049
59.200,0.020
59.205,-0.009
59.210,0.000
59.215,-0.013
59.220,-0.047
59.225,-0.042
59.230,-0.042
59.235,-0.080
59.240,-0.102
59.245,-0.102
59.250,-0.123
59.255,-0.153
59.260,-0.152
59.265,-0.162
59.270,-0.197
59.275,-0.192
59.280,-0.180
59.285,-0.209
59.290,-0.210
59.295,-0.178
59.300,-0.180
59.305,-0.170
59.310,-0.106
59.315,-0.061
59.320,-0.050
59.325,0.000
59.330,0.063
59.335,0.088
59.340,0.121
59.345,0.164
59.350,0.163
59.355,0.161
59.360,0.194
59.365,0.201
59.370,0.176
59.375,0.181
59.380,0.191
59.385,0.173
59.390,0.169
59.395,0.174
59.400,0.144
59.405,0.119
59.410,0.136
59.415,0.139
59.420,0.112
59.425,0.114
59.430,0.119
59.435,0.091
59.440,0.080
59.445,0.084
59.450,0.063
59.455,0.048
59.460,0.061
59.465,0.053
59.470,0.031
59.475,0.039
59.480,0.043
59.485,0.012
59.490,0.004
59.495,0.021
59.500,0.000
59.505,-0.020
59.510,0.001
59.515,0.001
59.520,-0.024
59.525,-0.014
59.530,-0.001
59.535,-0.018
59.540,-0.014
59.545,0.000
59.550,-0.021
59.555,-0.030
59.560,-0.008
59.565,-0.014
59.570,-0.030
59.575,-0.011
59.580,-0.005
59.585,-0.024
59.590,-0.012
59.595,0.006
59.600,-0.013
59.605,-0.029
59.610,-0.008
59.615,0.001
59.620,-0.016
59.625,-0.012
59.630,-0.004
59.635,-0.017
59.640,-0.022
59.645,-0.017
59.650,-0.025
59.655,-0.027
59.660,-0.014
59.665,-0.029
59.670,-0.069
59.675,-0.077
59.680,-0.068
59.685,-0.076
59.690,-0.077
59.695,-0.075
59.700,-0.104
59.705,-0.124
59.710,-0.102
59.715,-0.087
59.720,-0.095
59.725,-0.074
59.730,-0.048
59.735,-0.055
59.740,-0.043
59.745,-0.008
59.750,0.002
59.755,0.004
59.760,0.023
59.765,0.039
59.770,0.042
59.775,0.056
59.780,0.064
59.785,0.046
59.790,0.046
59.795,0.060
59.800,0.045
59.805,0.025
59.810,0.036
59.815,0.038
59.820,0.020
59.825,0.027
59.830,0.036
59.835,0.012
59.840,0.006
59.845,0.020
59.850,-0.004
59.855,-0.015
59.860,0.039
59.865,0.059
59.870,0.020
59.875,-0.030
59.880,-0.212
59.885,-0.625
59.890,-1.123
59.895,-1.535
59.900,-1.744
59.905,-1.475
59.910,-0.717
59.915,0.046
59.920,0.497
59.925,0.636
59.930,0.601
59.935,0.539
59.940,0.461
59.945,0.372
59.950,0.304
59.955,0.269
59.960,0.276
59.965,0.275
59.970,0.248
59.975,0.244
59.980,0.241
59.985,0.212
59.990,0.204
59.995,0.208
