'Elapsed time','ECG'
'seconds','mV'
0.000,-0.026
0.005,-0.030
0.010,-0.157
0.015,-0.013
0.020,0.023
0.025,-0.109
0.030,-0.020
0.035,0.004
0.040,-0.039
0.045,0.002
0.050,0.016
0.055,0.038
0.060,0.004
0.065,0.021
0.070,0.051
0.075,0.007
0.080,0.077
0.085,0.096
0.090,0.084
0.095,0.107
0.100,0.090
0.105,0.141
0.110,0.133
0.115,0.130
0.120,0.166
0.125,0.123
0.130,0.140
0.135,0.117
0.140,0.076
0.145,0.077
0.150,0.016
0.155,0.004
0.160,-0.044
0.165,-0.071
0.170,-0.064
0.175,-0.143
0.180,-0.147
0.185,-0.170
0.190,-0.163
0.195,-0.125
0.200,-0.173
0.205,-0.141
0.210,-0.149
0.215,-0.152
0.220,-0.102
0.225,-0.126
0.230,-0.099
0.235,-0.133
0.240,-0.145
0.245,-0.091
0.250,-0.115
0.255,-0.068
0.260,-0.071
0.265,-0.089
0.270,-0.058
0.275,-0.087
0.280,-0.042
0.285,-0.048
0.290,-0.057
0.295,-0.025
0.300,-0.055
0.305,-0.010
0.310,-0.033
0.315,-0.054
0.320,-0.009
0.325,-0.033
0.330,0.004
0.335,-0.005
0.340,-0.014
0.345,0.015
0.350,-0.018
0.355,0.022
0.360,0.016
0.365,0.013
0.370,0.044
0.375,0.004
0.380,0.041
0.385,0.033
0.390,0.023
0.395,0.039
0.400,-0.010
0.405,0.047
0.410,0.047
0.415,0.025
0.420,0.062
0.425,0.040
0.430,0.081
0.435,0.073
0.440,0.062
0.445,0.091
0.450,0.067
0.455,0.106
0.460,0.067
0.465,0.040
0.470,0.077
0.475,0.043
0.480,0.052
0.485,-0.006
0.490,-0.029
0.495,0.010
0.500,-0.021
0.505,0.024
0.510,0.006
0.515,0.012
0.520,0.062
0.525,-0.017
0.530,0.004
0.535,0.021
0.540,0.021
0.545,0.050
0.550,-0.003
0.555,0.009
0.560,-0.025
0.565,-0.070
0.570,-0.050
0.575,-0.053
0.580,0.071
0.585,0.244
0.590,0.498
0.595,0.744
0.600,0.744
0.605,0.656
0.610,0.370
0.615,0.006
0.620,-0.147
0.625,-0.201
0.630,-0.145
0.635,-0.134
0.640,-0.154
0.645,-0.105
0.650,-0.105
0.655,-0.073
0.660,-0.092
0.665,-0.104
0.670,-0.065
0.675,-0.085
0.680,-0.035
0.685,-0.055
0.690,-0.089
0.695,-0.051
0.700,-0.075
0.705,-0.029
0.710,-0.044
0.715,-0.074
0.720,-0.029
0.725,-0.051
0.730,-0.013
0.735,-0.017
0.740,-0.032
0.745,0.007
0.750,-0.011
0.755,0.026
0.760,0.003
0.765,-0.025
0.770,0.021
0.775,-0.001
0.780,0.028
0.785,0.032
0.790,0.028
0.795,0.058
0.800,0.035
0.805,0.084
0.810,0.081
0.815,0.074
0.820,0.123
0.825,0.092
0.830,0.125
0.835,0.127
0.840,0.121
0.845,0.162
0.850,0.137
0.855,0.187
0.860,0.177
0.865,0.134
0.870,0.154
0.875,0.105
0.880,0.102
0.885,0.058
0.890,0.011
0.895,0.016
0.900,-0.067
0.905,-0.087
0.910,-0.123
0.915,-0.161
0.920,-0.137
0.925,-0.178
0.930,-0.159
0.935,-0.169
0.940,-0.190
0.945,-0.162
0.950,-0.205
0.955,-0.173
0.960,-0.169
0.965,-0.182
0.970,-0.128
0.975,-0.148
0.980,-0.120
0.985,-0.116
0.990,-0.135
0.995,-0.115
1.000,-0.142
1.005,-0.089
1.010,-0.084
1.015,-0.105
1.020,-0.056
1.025,-0.069
1.030,-0.050
1.035,-0.083
1.040,-0.104
1.045,-0.038
1.050,-0.060
1.055,-0.018
1.060,-0.026
1.065,-0.081
1.070,-0.021
1.075,-0.045
1.080,-0.037
1.085,-0.021
1.090,-0.025
1.095,0.018
1.100,-0.028
1.105,-0.017
1.110,-0.008
1.115,-0.009
1.120,0.034
1.125,0.003
1.130,0.022
1.135,0.003
1.140,-0.013
1.145,0.041
1.150,0.024
1.155,0.059
1.160,0.054
1.165,0.041
1.170,0.085
1.175,0.036
1.180,0.061
1.185,0.070
1.190,0.048
1.195,0.077
1.200,0.028
1.205,0.026
1.210,-0.002
1.215,-0.026
1.220,0.012
1.225,-0.038
1.230,-0.022
1.235,-0.014
1.240,-0.013
1.245,0.025
1.250,-0.017
1.255,0.024
1.260,0.007
1.265,-0.029
1.270,0.031
1.275,-0.001
1.280,0.008
1.285,-0.023
1.290,-0.083
1.295,-0.057
1.300,-0.075
1.305,0.011
1.310,0.175
1.315,0.400
1.320,0.699
1.325,0.811
1.330,0.758
1.335,0.501
1.340,0.121
1.345,-0.119
1.350,-0.233
1.355,-0.182
1.360,-0.156
1.365,-0.177
1.370,-0.115
1.375,-0.114
1.380,-0.095
1.385,-0.107
1.390,-0.110
1.395,-0.053
1.400,-0.098
1.405,-0.081
1.410,-0.063
1.415,-0.081
1.420,-0.044
1.425,-0.075
1.430,-0.057
1.435,-0.056
1.440,-0.074
1.445,-0.028
1.450,-0.060
1.455,-0.030
1.460,-0.018
1.465,-0.033
1.470,0.004
1.475,-0.038
1.480,-0.005
1.485,0.010
1.490,-0.005
1.495,0.032
1.500,-0.018
1.505,0.007
1.510,0.027
1.515,0.026
1.520,0.085
1.525,0.040
1.530,0.052
1.535,0.077
1.540,0.078
1.545,0.118
1.550,0.083
1.555,0.119
1.560,0.127
1.565,0.120
1.570,0.192
1.575,0.150
1.580,0.137
1.585,0.142
1.590,0.138
1.595,0.177
1.600,0.130
1.605,0.110
1.610,0.075
1.615,0.019
1.620,0.005
1.625,-0.064
1.630,-0.071
1.635,-0.109
1.640,-0.168
1.645,-0.151
1.650,-0.196
1.655,-0.180
1.660,-0.181
1.665,-0.206
1.670,-0.152
1.675,-0.190
1.680,-0.177
1.685,-0.156
1.690,-0.177
1.695,-0.139
1.700,-0.169
1.705,-0.132
1.710,-0.102
1.715,-0.135
1.720,-0.103
1.725,-0.119
1.730,-0.098
1.735,-0.089
1.740,-0.095
1.745,-0.062
1.750,-0.094
1.755,-0.051
1.760,-0.045
1.765,-0.065
1.770,-0.025
1.775,-0.071
1.780,-0.044
1.785,-0.021
1.790,-0.045
1.795,-0.027
1.800,-0.060
1.805,-0.017
1.810,0.000
1.815,-0.028
1.820,0.003
1.825,-0.020
1.830,-0.009
1.835,-0.020
1.840,-0.031
1.845,0.011
1.850,-0.013
1.855,0.008
1.860,-0.008
1.865,-0.026
1.870,0.026
1.875,-0.015
1.880,0.008
1.885,0.029
1.890,0.013
1.895,0.054
1.900,0.019
1.905,0.054
1.910,0.068
1.915,0.028
1.920,0.073
1.925,0.045
1.930,0.053
1.935,0.046
1.940,0.009
1.945,0.027
1.950,-0.019
1.955,0.007
1.960,0.011
1.965,-0.006
1.970,0.053
1.975,0.015
1.980,0.025
1.985,0.023
1.990,-0.008
1.995,0.046
2.000,0.020
2.005,0.042
2.010,0.053
2.015,0.024
2.020,0.048
2.025,-0.039
2.030,-0.066
2.035,-0.040
2.040,0.010
2.045,0.184
2.050,0.323
2.055,0.553
2.060,0.716
2.065,0.671
2.070,0.549
2.075,0.212
2.080,-0.069
2.085,-0.175
2.090,-0.202
2.095,-0.123
2.100,-0.142
2.105,-0.129
2.110,-0.086
2.115,-0.098
2.120,-0.066
2.125,-0.094
2.130,-0.083
2.135,-0.076
2.140,-0.092
2.145,-0.046
2.150,-0.061
2.155,-0.037
2.160,-0.055
2.165,-0.087
2.170,-0.035
2.175,-0.067
2.180,-0.043
2.185,-0.029
2.190,-0.063
2.195,-0.020
2.200,-0.054
2.205,-0.032
2.210,-0.003
2.215,-0.024
2.220,0.016
2.225,-0.030
2.230,-0.019
2.235,0.008
2.240,0.002
2.245,0.054
2.250,0.019
2.255,0.032
2.260,0.045
2.265,0.029
2.270,0.088
2.275,0.070
2.280,0.086
2.285,0.106
2.290,0.105
2.295,0.151
2.300,0.118
2.305,0.151
2.310,0.169
2.315,0.134
2.320,0.178
2.325,0.156
2.330,0.168
2.335,0.156
2.340,0.090
2.345,0.092
2.350,0.031
2.355,0.018
2.360,-0.008
2.365,-0.077
2.370,-0.068
2.375,-0.130
2.380,-0.133
2.385,-0.129
2.390,-0.170
2.395,-0.135
2.400,-0.156
2.405,-0.123
2.410,-0.122
2.415,-0.187
2.420,-0.143
2.425,-0.153
2.430,-0.127
2.435,-0.108
2.440,-0.148
2.445,-0.101
2.450,-0.111
2.455,-0.102
2.460,-0.095
2.465,-0.125
2.470,-0.078
2.475,-0.092
2.480,-0.076
2.485,-0.066
2.490,-0.087
2.495,-0.042
2.500,-0.083
2.505,-0.072
2.510,-0.054
2.515,-0.083
2.520,-0.021
2.525,-0.046
2.530,-0.038
2.535,-0.010
2.540,-0.046
2.545,-0.020
2.550,-0.037
2.555,-0.009
2.560,0.005
2.565,-0.029
2.570,0.017
2.575,-0.013
2.580,-0.009
2.585,0.021
2.590,0.005
2.595,0.029
2.600,-0.010
2.605,0.022
2.610,0.042
2.615,0.000
2.620,0.049
2.625,0.038
2.630,0.054
2.635,0.056
2.640,0.023
2.645,0.083
2.650,0.057
2.655,0.058
2.660,0.059
2.665,0.017
2.670,0.057
2.675,0.018
2.680,0.006
2.685,0.000
2.690,-0.042
2.695,-0.003
2.700,-0.016
2.705,0.001
2.710,0.015
2.715,-0.013
2.720,0.010
2.725,-0.023
2.730,-0.009
2.735,0.009
2.740,-0.020
2.745,0.006
2.750,-0.026
2.755,-0.020
2.760,-0.048
2.765,-0.112
2.770,-0.044
2.775,-0.016
2.780,0.110
2.785,0.333
2.790,0.524
2.795,0.698
2.800,0.645
2.805,0.462
2.810,0.161
2.815,-0.125
2.820,-0.164
2.825,-0.185
2.830,-0.142
2.835,-0.109
2.840,-0.152
2.845,-0.098
2.850,-0.111
2.855,-0.095
2.860,-0.061
2.865,-0.100
2.870,-0.064
2.875,-0.073
2.880,-0.061
2.885,-0.053
2.890,-0.096
2.895,-0.048
2.900,-0.051
2.905,-0.038
2.910,-0.021
2.915,-0.057
2.920,-0.018
2.925,-0.037
2.930,-0.027
2.935,-0.001
2.940,-0.034
2.945,-0.001
2.950,-0.014
2.955,0.005
2.960,0.011
2.965,-0.022
2.970,0.036
2.975,0.018
2.980,0.018
2.985,0.041
2.990,0.018
2.995,0.057
3.000,0.045
3.005,0.067
3.010,0.091
3.015,0.062
3.020,0.102
3.025,0.087
3.030,0.105
3.035,0.132
3.040,0.113
3.045,0.149
3.050,0.111
3.055,0.126
3.060,0.162
3.065,0.116
3.070,0.124
3.075,0.073
3.080,0.054
3.085,0.059
3.090,-0.013
3.095,-0.025
3.100,-0.077
3.105,-0.102
3.110,-0.102
3.115,-0.150
3.120,-0.127
3.125,-0.153
3.130,-0.155
3.135,-0.134
3.140,-0.160
3.145,-0.125
3.150,-0.141
3.155,-0.122
3.160,-0.110
3.165,-0.157
3.170,-0.095
3.175,-0.099
3.180,-0.090
3.185,-0.054
3.190,-0.101
3.195,-0.076
3.200,-0.082
3.205,-0.066
3.210,-0.041
3.215,-0.071
3.220,-0.024
3.225,-0.044
3.230,-0.045
3.235,-0.023
3.240,-0.056
3.245,-0.016
3.250,-0.045
3.255,-0.036
3.260,-0.002
3.265,-0.053
3.270,-0.011
3.275,-0.016
3.280,-0.010
3.285,0.020
3.290,-0.024
3.295,-0.002
3.300,-0.030
3.305,-0.026
3.310,-0.002
3.315,-0.041
3.320,0.001
3.325,-0.018
3.330,-0.022
3.335,0.006
3.340,-0.016
3.345,0.022
3.350,-0.003
3.355,0.023
3.360,0.052
3.365,0.002
3.370,0.054
3.375,0.045
3.380,0.026
3.385,0.034
3.390,0.000
3.395,0.047
3.400,0.034
3.405,0.006
3.410,-0.005
3.415,-0.029
3.420,0.017
3.425,-0.003
3.430,0.005
3.435,0.019
3.440,-0.027
3.445,0.020
3.450,0.014
3.455,0.009
3.460,0.010
3.465,-0.027
3.470,0.034
3.475,0.006
3.480,-0.027
3.485,-0.038
3.490,-0.106
3.495,-0.064
3.500,-0.022
3.505,0.121
3.510,0.345
3.515,0.537
3.520,0.713
3.525,0.629
3.530,0.432
3.535,0.165
3.540,-0.131
3.545,-0.187
3.550,-0.205
3.555,-0.163
3.560,-0.115
3.565,-0.161
3.570,-0.097
3.575,-0.092
3.580,-0.112
3.585,-0.080
3.590,-0.090
3.595,-0.073
3.600,-0.107
3.605,-0.079
3.610,-0.036
3.615,-0.073
3.620,-0.026
3.625,-0.047
3.630,-0.061
3.635,-0.028
3.640,-0.048
3.645,-0.006
3.650,-0.027
3.655,-0.028
3.660,0.007
3.665,-0.026
3.670,0.011
3.675,-0.002
3.680,-0.006
3.685,0.023
3.690,-0.007
3.695,0.041
3.700,0.036
3.705,0.036
3.710,0.057
3.715,0.022
3.720,0.069
3.725,0.066
3.730,0.070
3.735,0.093
3.740,0.063
3.745,0.110
3.750,0.103
3.755,0.111
3.760,0.140
3.765,0.117
3.770,0.166
3.775,0.140
3.780,0.135
3.785,0.169
3.790,0.112
3.795,0.106
3.800,0.072
3.805,0.058
3.810,0.045
3.815,-0.031
3.820,-0.014
3.825,-0.062
3.830,-0.117
3.835,-0.119
3.840,-0.157
3.845,-0.119
3.850,-0.136
3.855,-0.158
3.860,-0.150
3.865,-0.187
3.870,-0.136
3.875,-0.139
3.880,-0.139
3.885,-0.096
3.890,-0.130
3.895,-0.112
3.900,-0.129
3.905,-0.125
3.910,-0.092
3.915,-0.119
3.920,-0.063
3.925,-0.071
3.930,-0.086
3.935,-0.051
3.940,-0.074
3.945,-0.044
3.950,-0.060
3.955,-0.061
3.960,-0.028
3.965,-0.044
3.970,-0.005
3.975,-0.039
3.980,-0.049
3.985,-0.020
3.990,-0.047
3.995,0.014
4.000,-0.002
4.005,-0.012
4.010,0.018
4.015,-0.036
4.020,0.005
4.025,0.008
4.030,0.006
4.035,0.037
4.040,0.005
4.045,0.028
4.050,-0.002
4.055,-0.002
4.060,0.030
4.065,0.000
4.070,0.053
4.075,0.036
4.080,0.013
4.085,0.046
4.090,0.032
4.095,0.079
4.100,0.062
4.105,0.052
4.110,0.071
4.115,0.023
4.120,0.054
4.125,0.021
4.130,0.000
4.135,0.006
4.140,-0.061
4.145,-0.022
4.150,-0.024
4.155,-0.027
4.160,-0.004
4.165,-0.035
4.170,0.031
4.175,0.012
4.180,-0.017
4.185,0.030
4.190,0.002
4.195,0.023
4.200,0.012
4.205,0.009
4.210,0.023
4.215,-0.051
4.220,-0.045
4.225,-0.044
4.230,0.011
4.235,0.160
4.240,0.306
4.245,0.569
4.250,0.708
4.255,0.676
4.260,0.534
4.265,0.205
4.270,-0.036
4.275,-0.166
4.280,-0.187
4.285,-0.105
4.290,-0.122
4.295,-0.106
4.300,-0.091
4.305,-0.089
4.310,-0.066
4.315,-0.096
4.320,-0.062
4.325,-0.082
4.330,-0.098
4.335,-0.050
4.340,-0.073
4.345,-0.056
4.350,-0.071
4.355,-0.062
4.360,-0.028
4.365,-0.075
4.370,-0.046
4.375,-0.056
4.380,-0.062
4.385,-0.031
4.390,-0.069
4.395,-0.032
4.400,-0.035
4.405,-0.036
4.410,-0.009
4.415,-0.052
4.420,-0.008
4.425,-0.012
4.430,-0.020
4.435,0.017
4.440,-0.009
4.445,0.034
4.450,0.029
4.455,0.024
4.460,0.063
4.465,0.033
4.470,0.076
4.475,0.073
4.480,0.067
4.485,0.120
4.490,0.103
4.495,0.126
4.500,0.116
4.505,0.125
4.510,0.160
4.515,0.120
4.520,0.153
4.525,0.126
4.530,0.081
4.535,0.088
4.540,0.021
4.545,0.006
4.550,-0.028
4.555,-0.061
4.560,-0.064
4.565,-0.120
4.570,-0.108
4.575,-0.152
4.580,-0.185
4.585,-0.145
4.590,-0.161
4.595,-0.120
4.600,-0.144
4.605,-0.170
4.610,-0.130
4.615,-0.146
4.620,-0.100
4.625,-0.114
4.630,-0.123
4.635,-0.071
4.640,-0.103
4.645,-0.081
4.650,-0.088
4.655,-0.076
4.660,-0.024
4.665,-0.075
4.670,-0.052
4.675,-0.048
4.680,-0.052
4.685,-0.004
4.690,-0.033
4.695,-0.013
4.700,-0.025
4.705,-0.031
4.710,0.005
4.715,-0.020
4.720,0.026
4.725,0.006
4.730,-0.016
4.735,0.028
4.740,-0.001
4.745,0.033
4.750,0.019
4.755,0.007
4.760,0.053
4.765,0.019
4.770,0.043
4.775,0.017
4.780,-0.001
4.785,0.060
4.790,0.039
4.795,0.058
4.800,0.040
4.805,0.019
4.810,0.047
4.815,0.020
4.820,0.066
4.825,0.062
4.830,0.046
4.835,0.084
4.840,0.048
4.845,0.077
4.850,0.067
4.855,0.042
4.860,0.055
4.865,-0.008
4.870,0.008
4.875,-0.013
4.880,-0.047
4.885,-0.001
4.890,-0.028
4.895,-0.012
4.900,-0.023
4.905,-0.037
4.910,0.001
4.915,-0.036
4.920,-0.005
4.925,-0.014
4.930,-0.031
4.935,0.011
4.940,-0.035
4.945,-0.026
4.950,-0.077
4.955,-0.136
4.960,-0.094
4.965,-0.062
4.970,0.113
4.975,0.308
4.980,0.507
4.985,0.677
4.990,0.604
4.995,0.451
5.000,0.141
5.005,-0.134
5.010,-0.186
5.015,-0.223
5.020,-0.144
5.025,-0.133
5.030,-0.167
5.035,-0.099
5.040,-0.116
5.045,-0.092
5.050,-0.088
5.055,-0.106
5.060,-0.082
5.065,-0.110
5.070,-0.060
5.075,-0.062
5.080,-0.079
5.085,-0.030
5.090,-0.067
5.095,-0.044
5.100,-0.044
5.105,-0.055
5.110,-0.017
5.115,-0.057
5.120,-0.021
5.125,-0.014
5.130,-0.034
5.135,-0.001
5.140,-0.027
5.145,0.003
5.150,-0.009
5.155,-0.019
5.160,0.031
5.165,0.000
5.170,0.029
5.175,0.022
5.180,0.008
5.185,0.062
5.190,0.037
5.195,0.067
5.200,0.071
5.205,0.062
5.210,0.103
5.215,0.081
5.220,0.133
5.225,0.133
5.230,0.111
5.235,0.159
5.240,0.128
5.245,0.153
5.250,0.153
5.255,0.129
5.260,0.136
5.265,0.070
5.270,0.079
5.275,0.046
5.280,-0.020
5.285,-0.017
5.290,-0.086
5.295,-0.092
5.300,-0.109
5.305,-0.144
5.310,-0.132
5.315,-0.167
5.320,-0.124
5.325,-0.138
5.330,-0.165
5.335,-0.131
5.340,-0.173
5.345,-0.135
5.350,-0.135
5.355,-0.145
5.360,-0.090
5.365,-0.122
5.370,-0.080
5.375,-0.070
5.380,-0.098
5.385,-0.057
5.390,-0.088
5.395,-0.064
5.400,-0.052
5.405,-0.058
5.410,-0.031
5.415,-0.079
5.420,-0.060
5.425,-0.072
5.430,-0.083
5.435,-0.029
5.440,-0.050
5.445,-0.011
5.450,-0.014
5.455,-0.034
5.460,0.001
5.465,-0.044
5.470,-0.011
5.475,-0.002
5.480,-0.025
5.485,0.015
5.490,-0.020
5.495,0.005
5.500,0.010
5.505,-0.009
5.510,0.024
5.515,-0.017
5.520,0.007
5.525,0.002
5.530,-0.022
5.535,0.017
5.540,-0.023
5.545,0.007
5.550,0.029
5.555,0.026
5.560,0.061
5.565,0.023
5.570,0.061
5.575,0.059
5.580,0.029
5.585,0.061
5.590,0.007
5.595,0.034
5.600,0.023
5.605,-0.041
5.610,-0.012
5.615,-0.050
5.620,-0.017
5.625,-0.002
5.630,-0.042
5.635,0.001
5.640,-0.022
5.645,-0.012
5.650,-0.006
5.655,-0.011
5.660,0.024
5.665,-0.011
5.670,0.021
5.675,0.010
5.680,-0.039
5.685,-0.028
5.690,-0.090
5.695,-0.065
5.700,0.000
5.705,0.108
5.710,0.353
5.715,0.563
5.720,0.760
5.725,0.754
5.730,0.541
5.735,0.268
5.740,-0.073
5.745,-0.188
5.750,-0.187
5.755,-0.174
5.760,-0.113
5.765,-0.153
5.770,-0.103
5.775,-0.079
5.780,-0.117
5.785,-0.060
5.790,-0.074
5.795,-0.071
5.800,-0.079
5.805,-0.084
5.810,-0.031
5.815,-0.072
5.820,-0.054
5.825,-0.047
5.830,-0.056
5.835,0.008
5.840,-0.033
5.845,-0.023
5.850,-0.013
5.855,-0.027
5.860,0.012
5.865,-0.033
5.870,-0.001
5.875,0.020
5.880,-0.005
5.885,0.039
5.890,0.004
5.895,0.020
5.900,0.039
5.905,0.017
5.910,0.053
5.915,0.026
5.920,0.063
5.925,0.084
5.930,0.052
5.935,0.091
5.940,0.075
5.945,0.124
5.950,0.137
5.955,0.089
5.960,0.127
5.965,0.111
5.970,0.154
5.975,0.171
5.980,0.136
5.985,0.161
5.990,0.110
5.995,0.106
6.000,0.093
6.005,0.049
6.010,0.045
6.015,-0.030
6.020,-0.036
6.025,-0.068
6.030,-0.142
6.035,-0.129
6.040,-0.172
6.045,-0.166
6.050,-0.165
6.055,-0.188
6.060,-0.146
6.065,-0.186
6.070,-0.174
6.075,-0.165
6.080,-0.183
6.085,-0.120
6.090,-0.155
6.095,-0.153
6.100,-0.127
6.105,-0.141
6.110,-0.109
6.115,-0.130
6.120,-0.088
6.125,-0.082
6.130,-0.118
6.135,-0.065
6.140,-0.092
6.145,-0.073
6.150,-0.068
6.155,-0.103
6.160,-0.051
6.165,-0.074
6.170,-0.049
6.175,-0.031
6.180,-0.061
6.185,-0.022
6.190,-0.056
6.195,-0.037
6.200,-0.009
6.205,-0.027
6.210,0.002
6.215,-0.028
6.220,-0.008
6.225,-0.005
6.230,-0.029
6.235,0.022
6.240,-0.003
6.245,0.019
6.250,0.023
6.255,-0.010
6.260,0.025
6.265,-0.011
6.270,0.028
6.275,0.040
6.280,0.000
6.285,0.056
6.290,0.033
6.295,0.057
6.300,0.069
6.305,0.042
6.310,0.088
6.315,0.048
6.320,0.058
6.325,0.061
6.330,0.022
6.335,0.046
6.340,-0.006
6.345,0.001
6.350,0.011
6.355,-0.019
6.360,0.023
6.365,-0.006
6.370,0.022
6.375,0.036
6.380,0.000
6.385,0.056
6.390,0.032
6.395,0.033
6.400,0.038
6.405,0.013
6.410,0.058
6.415,0.020
6.420,-0.002
6.425,-0.041
6.430,-0.072
6.435,0.028
6.440,0.116
6.445,0.337
6.450,0.606
6.455,0.765
6.460,0.800
6.465,0.591
6.470,0.319
6.475,0.021
6.480,-0.195
6.485,-0.184
6.490,-0.185
6.495,-0.156
6.500,-0.134
6.505,-0.143
6.510,-0.093
6.515,-0.130
6.520,-0.116
6.525,-0.095
6.530,-0.121
6.535,-0.076
6.540,-0.099
6.545,-0.091
6.550,-0.091
6.555,-0.109
6.560,-0.053
6.565,-0.086
6.570,-0.063
6.575,-0.051
6.580,-0.098
6.585,-0.048
6.590,-0.065
6.595,-0.040
6.600,-0.010
6.605,-0.056
6.610,-0.035
6.615,-0.047
6.620,-0.019
6.625,0.001
6.630,-0.022
6.635,0.020
6.640,-0.007
6.645,0.010
6.650,0.031
6.655,0.013
6.660,0.071
6.665,0.064
6.670,0.085
6.675,0.092
6.680,0.071
6.685,0.132
6.690,0.110
6.695,0.128
6.700,0.147
6.705,0.128
6.710,0.182
6.715,0.153
6.720,0.166
6.725,0.184
6.730,0.134
6.735,0.144
6.740,0.084
6.745,0.056
6.750,0.053
6.755,-0.006
6.760,-0.029
6.765,-0.096
6.770,-0.103
6.775,-0.115
6.780,-0.170
6.785,-0.129
6.790,-0.160
6.795,-0.167
6.800,-0.156
6.805,-0.184
6.810,-0.141
6.815,-0.166
6.820,-0.150
6.825,-0.129
6.830,-0.159
6.835,-0.111
6.840,-0.130
6.845,-0.119
6.850,-0.108
6.855,-0.142
6.860,-0.091
6.865,-0.104
6.870,-0.087
6.875,-0.086
6.880,-0.140
6.885,-0.081
6.890,-0.083
6.895,-0.080
6.900,-0.069
6.905,-0.101
6.910,-0.061
6.915,-0.086
6.920,-0.071
6.925,-0.049
6.930,-0.088
6.935,-0.046
6.940,-0.063
6.945,-0.040
6.950,-0.003
6.955,-0.053
6.960,-0.029
6.965,-0.044
6.970,-0.038
6.975,-0.019
6.980,-0.050
6.985,-0.005
6.990,-0.015
6.995,-0.002
7.000,0.021
7.005,-0.008
7.010,0.038
7.015,0.015
7.020,0.028
7.025,0.053
7.030,0.020
7.035,0.081
7.040,0.072
7.045,0.058
7.050,0.069
7.055,0.048
7.060,0.079
7.065,0.049
7.070,0.050
7.075,0.048
7.080,0.002
7.085,0.018
7.090,-0.030
7.095,-0.013
7.100,0.022
7.105,-0.022
7.110,0.020
7.115,0.017
7.120,0.004
7.125,-0.007
7.130,-0.038
7.135,0.026
7.140,0.021
7.145,0.009
7.150,0.014
7.155,-0.017
7.160,0.011
7.165,-0.038
7.170,-0.042
7.175,-0.021
7.180,-0.022
7.185,0.170
7.190,0.363
7.195,0.588
7.200,0.757
7.205,0.691
7.210,0.521
7.215,0.155
7.220,-0.140
7.225,-0.220
7.230,-0.217
7.235,-0.105
7.240,-0.118
7.245,-0.129
7.250,-0.074
7.255,-0.079
7.260,-0.040
7.265,-0.083
7.270,-0.088
7.275,-0.063
7.280,-0.105
7.285,-0.047
7.290,-0.060
7.295,-0.057
7.300,-0.015
7.305,-0.060
7.310,-0.033
7.315,-0.040
7.320,-0.016
7.325,0.002
7.330,-0.062
7.335,-0.027
7.340,-0.022
7.345,-0.013
7.350,-0.003
7.355,-0.029
7.360,0.018
7.365,0.016
7.370,0.054
7.375,0.065
7.380,0.041
7.385,0.112
7.390,0.063
7.395,0.057
7.400,0.088
7.405,0.065
7.410,0.131
7.415,0.106
7.420,0.115
7.425,0.152
7.430,0.117
7.435,0.139
7.440,0.105
7.445,0.139
7.450,0.196
7.455,0.157
7.460,0.165
7.465,0.135
7.470,0.147
7.475,0.160
7.480,0.112
7.485,0.122
7.490,0.046
7.495,0.012
7.500,0.004
7.505,-0.064
7.510,-0.060
7.515,-0.116
7.520,-0.117
7.525,-0.098
7.530,-0.149
7.535,-0.111
7.540,-0.135
7.545,-0.139
7.550,-0.116
7.555,-0.140
7.560,-0.091
7.565,-0.123
7.570,-0.105
7.575,-0.061
7.580,-0.096
7.585,-0.050
7.590,-0.086
7.595,-0.110
7.600,-0.071
7.605,-0.086
7.610,-0.059
7.615,-0.065
7.620,-0.050
7.625,-0.053
7.630,-0.088
7.635,-0.053
7.640,-0.076
7.645,-0.054
7.650,-0.039
7.655,-0.076
7.660,-0.018
7.665,-0.027
7.670,-0.006
7.675,0.008
7.680,-0.050
7.685,-0.001
7.690,-0.004
7.695,0.009
7.700,0.038
7.705,-0.018
7.710,-0.013
7.715,-0.022
7.720,-0.001
7.725,0.037
7.730,0.004
7.735,0.020
7.740,-0.005
7.745,-0.010
7.750,0.013
7.755,-0.003
7.760,0.034
7.765,0.005
7.770,0.022
7.775,0.059
7.780,0.018
7.785,0.067
7.790,0.052
7.795,0.036
7.800,0.043
7.805,-0.013
7.810,0.022
7.815,0.013
7.820,0.001
7.825,-0.008
7.830,-0.060
7.835,-0.012
7.840,-0.034
7.845,-0.046
7.850,-0.016
7.855,-0.039
7.860,-0.001
7.865,-0.043
7.870,-0.052
7.875,-0.007
7.880,-0.036
7.885,-0.005
7.890,-0.035
7.895,-0.045
7.900,-0.015
7.905,-0.072
7.910,-0.096
7.915,-0.128
7.920,-0.070
7.925,0.054
7.930,0.188
7.935,0.470
7.940,0.670
7.945,0.734
7.950,0.642
7.955,0.332
7.960,0.028
7.965,-0.191
7.970,-0.222
7.975,-0.171
7.980,-0.173
7.985,-0.143
7.990,-0.168
7.995,-0.137
8.000,-0.114
8.005,-0.161
8.010,-0.099
8.015,-0.102
8.020,-0.104
8.025,-0.098
8.030,-0.142
8.035,-0.076
8.040,-0.082
8.045,-0.094
8.050,-0.078
8.055,-0.112
8.060,-0.049
8.065,-0.061
8.070,-0.077
8.075,-0.047
8.080,-0.080
8.085,-0.031
8.090,-0.037
8.095,-0.046
8.100,-0.010
8.105,-0.038
8.110,-0.002
8.115,-0.016
8.120,-0.015
8.125,0.011
8.130,-0.029
8.135,0.028
8.140,0.034
8.145,0.018
8.150,0.047
8.155,0.034
8.160,0.072
8.165,0.072
8.170,0.094
8.175,0.121
8.180,0.099
8.185,0.149
8.190,0.119
8.195,0.111
8.200,0.157
8.205,0.144
8.210,0.187
8.215,0.161
8.220,0.140
8.225,0.141
8.230,0.081
8.235,0.085
8.240,0.028
8.245,-0.021
8.250,-0.018
8.255,-0.056
8.260,-0.044
8.265,-0.094
8.270,-0.112
8.275,-0.076
8.280,-0.094
8.285,-0.071
8.290,-0.100
8.295,-0.095
8.300,-0.058
8.305,-0.097
8.310,-0.070
8.315,-0.085
8.320,-0.089
8.325,-0.072
8.330,-0.121
8.335,-0.077
8.340,-0.090
8.345,-0.101
8.350,-0.067
8.355,-0.099
8.360,-0.072
8.365,-0.096
8.370,-0.093
8.375,-0.062
8.380,-0.110
8.385,-0.077
8.390,-0.096
8.395,-0.105
8.400,-0.073
8.405,-0.120
8.410,-0.095
8.415,-0.107
8.420,-0.105
8.425,-0.074
8.430,-0.116
8.435,-0.074
8.440,-0.088
8.445,-0.099
8.450,-0.055
8.455,-0.084
8.460,-0.048
8.465,-0.055
8.470,-0.051
8.475,-0.024
8.480,-0.065
8.485,-0.022
8.490,-0.034
8.495,-0.043
8.500,0.001
8.505,-0.011
8.510,0.022
8.515,0.000
8.520,0.007
8.525,0.055
8.530,0.034
8.535,0.067
8.540,0.051
8.545,0.059
8.550,0.091
8.555,0.048
8.560,0.081
8.565,0.068
8.570,0.054
8.575,0.051
8.580,0.003
8.585,0.057
8.590,0.031
8.595,0.016
8.600,0.061
8.605,0.033
8.610,0.079
8.615,0.051
8.620,0.017
8.625,0.043
8.630,0.014
8.635,0.070
8.640,0.058
8.645,0.011
8.650,0.006
8.655,-0.061
8.660,-0.062
8.665,-0.070
8.670,-0.021
8.675,0.133
8.680,0.318
8.685,0.599
8.690,0.729
8.695,0.685
8.700,0.524
8.705,0.178
8.710,-0.072
8.715,-0.198
8.720,-0.216
8.725,-0.154
8.730,-0.170
8.735,-0.137
8.740,-0.136
8.745,-0.154
8.750,-0.140
8.755,-0.160
8.760,-0.111
8.765,-0.144
8.770,-0.169
8.775,-0.127
8.780,-0.145
8.785,-0.105
8.790,-0.127
8.795,-0.153
8.800,-0.111
8.805,-0.120
8.810,-0.092
8.815,-0.112
8.820,-0.097
8.825,-0.037
8.830,-0.052
8.835,-0.007
8.840,-0.023
8.845,-0.030
8.850,0.024
8.855,-0.003
8.860,0.043
8.865,0.066
8.870,0.058
8.875,0.066
8.880,0.033
8.885,0.095
8.890,0.105
8.895,0.096
8.900,0.130
8.905,0.104
8.910,0.154
8.915,0.156
8.920,0.157
8.925,0.191
8.930,0.144
8.935,0.191
8.940,0.188
8.945,0.171
8.950,0.220
8.955,0.188
8.960,0.209
8.965,0.193
8.970,0.163
8.975,0.141
8.980,0.051
8.985,0.050
8.990,0.004
8.995,-0.041
9.000,-0.031
9.005,-0.088
9.010,-0.082
9.015,-0.105
9.020,-0.127
9.025,-0.099
9.030,-0.129
9.035,-0.103
9.040,-0.108
9.045,-0.120
9.050,-0.104
9.055,-0.132
9.060,-0.083
9.065,-0.083
9.070,-0.098
9.075,-0.072
9.080,-0.104
9.085,-0.058
9.090,-0.060
9.095,-0.077
9.100,-0.036
9.105,-0.056
9.110,-0.023
9.115,-0.040
9.120,-0.056
9.125,-0.019
9.130,-0.053
9.135,-0.011
9.140,-0.010
9.145,-0.033
9.150,-0.002
9.155,-0.033
9.160,-0.002
9.165,-0.003
9.170,-0.004
9.175,0.031
9.180,-0.009
9.185,0.019
9.190,0.007
9.195,-0.005
9.200,0.044
9.205,0.016
9.210,0.038
9.215,0.033
9.220,0.015
9.225,0.031
9.230,-0.004
9.235,0.030
9.240,0.017
9.245,-0.004
9.250,0.032
9.255,-0.008
9.260,0.011
9.265,0.016
9.270,0.022
9.275,0.064
9.280,0.031
9.285,0.061
9.290,0.063
9.295,0.053
9.300,0.076
9.305,0.032
9.310,0.058
9.315,0.047
9.320,0.024
9.325,0.031
9.330,-0.036
9.335,-0.012
9.340,-0.024
9.345,-0.053
9.350,-0.011
9.355,-0.041
9.360,-0.018
9.365,-0.026
9.370,-0.039
9.375,-0.001
9.380,-0.029
9.385,0.012
9.390,-0.005
9.395,-0.037
9.400,-0.004
9.405,-0.059
9.410,-0.073
9.415,-0.107
9.420,-0.110
9.425,-0.012
9.430,0.107
9.435,0.376
9.440,0.604
9.445,0.707
9.450,0.693
9.455,0.446
9.460,0.132
9.465,-0.147
9.470,-0.234
9.475,-0.180
9.480,-0.181
9.485,-0.143
9.490,-0.161
9.495,-0.158
9.500,-0.108
9.505,-0.145
9.510,-0.107
9.515,-0.109
9.520,-0.150
9.525,-0.132
9.530,-0.146
9.535,-0.093
9.540,-0.098
9.545,-0.120
9.550,-0.085
9.555,-0.112
9.560,-0.064
9.565,-0.066
9.570,-0.088
9.575,-0.043
9.580,-0.067
9.585,-0.029
9.590,-0.034
9.595,-0.054
9.600,-0.004
9.605,-0.035
9.610,-0.009
9.615,0.001
9.620,0.002
9.625,0.048
9.630,0.007
9.635,0.038
9.640,0.044
9.645,0.026
9.650,0.080
9.655,0.057
9.660,0.082
9.665,0.084
9.670,0.080
9.675,0.133
9.680,0.099
9.685,0.130
9.690,0.138
9.695,0.131
9.700,0.184
9.705,0.143
9.710,0.152
9.715,0.140
9.720,0.107
9.725,0.120
9.730,0.054
9.735,0.048
9.740,-0.002
9.745,-0.071
9.750,-0.058
9.755,-0.116
9.760,-0.123
9.765,-0.144
9.770,-0.158
9.775,-0.142
9.780,-0.205
9.785,-0.182
9.790,-0.189
9.795,-0.198
9.800,-0.155
9.805,-0.191
9.810,-0.145
9.815,-0.140
9.820,-0.165
9.825,-0.133
9.830,-0.160
9.835,-0.113
9.840,-0.119
9.845,-0.145
9.850,-0.095
9.855,-0.130
9.860,-0.100
9.865,-0.099
9.870,-0.123
9.875,-0.065
9.880,-0.083
9.885,-0.053
9.890,-0.053
9.895,-0.084
9.900,-0.041
9.905,-0.052
9.910,-0.014
9.915,-0.026
9.920,-0.053
9.925,-0.003
9.930,-0.035
9.935,-0.008
9.940,-0.004
9.945,-0.014
9.950,0.045
9.955,0.013
9.960,0.017
9.965,0.002
9.970,-0.004
9.975,0.037
9.980,0.003
9.985,0.041
9.990,0.024
9.995,-0.010
10.000,0.045
10.005,0.006
10.010,0.022
10.015,0.039
10.020,0.019
10.025,0.055
10.030,0.031
10.035,0.065
10.040,0.071
10.045,0.044
10.050,0.086
10.055,0.047
10.060,0.060
10.065,0.062
10.070,0.024
10.075,0.031
10.080,-0.022
10.085,0.023
10.090,0.047
10.095,0.021
10.100,0.074
10.105,0.040
10.110,0.043
10.115,0.047
10.120,0.033
10.125,0.076
10.130,0.043
10.135,0.062
10.140,0.057
10.145,0.029
10.150,0.043
10.155,-0.030
10.160,-0.024
10.165,-0.006
10.170,0.061
10.175,0.280
10.180,0.462
10.185,0.676
10.190,0.718
10.195,0.553
10.200,0.309
10.205,-0.063
10.210,-0.206
10.215,-0.205
10.220,-0.196
10.225,-0.132
10.230,-0.162
10.235,-0.110
10.240,-0.084
10.245,-0.123
10.250,-0.085
10.255,-0.100
10.260,-0.086
10.265,-0.097
10.270,-0.103
10.275,-0.052
10.280,-0.092
10.285,-0.065
10.290,-0.055
10.295,-0.079
10.300,-0.024
10.305,-0.045
10.310,-0.031
10.315,-0.023
10.320,-0.035
10.325,0.008
10.330,-0.027
10.335,0.000
10.340,0.013
10.345,-0.008
10.350,0.036
10.355,0.003
10.360,0.023
10.365,0.039
10.370,0.030
10.375,0.077
10.380,0.051
10.385,0.080
10.390,0.078
10.395,0.062
10.400,0.130
10.405,0.101
10.410,0.111
10.415,0.110
10.420,0.098
10.425,0.147
10.430,0.112
10.435,0.144
10.440,0.152
10.445,0.129
10.450,0.177
10.455,0.124
10.460,0.108
10.465,0.089
10.470,0.049
10.475,0.054
10.480,-0.024
10.485,-0.040
10.490,-0.069
10.495,-0.120
10.500,-0.107
10.505,-0.165
10.510,-0.152
10.515,-0.157
10.520,-0.197
10.525,-0.170
10.530,-0.199
10.535,-0.161
10.540,-0.156
10.545,-0.191
10.550,-0.145
10.555,-0.161
10.560,-0.130
10.565,-0.121
10.570,-0.149
10.575,-0.099
10.580,-0.112
10.585,-0.091
10.590,-0.092
10.595,-0.121
10.600,-0.055
10.605,-0.074
10.610,-0.075
10.615,-0.060
10.620,-0.077
10.625,-0.042
10.630,-0.061
10.635,-0.031
10.640,-0.033
10.645,-0.065
10.650,-0.021
10.655,-0.043
10.660,-0.016
10.665,-0.009
10.670,-0.029
10.675,0.021
10.680,-0.020
10.685,-0.001
10.690,0.008
10.695,-0.030
10.700,0.018
10.705,-0.005
10.710,0.008
10.715,0.008
10.720,-0.018
10.725,0.030
10.730,0.001
10.735,0.023
10.740,0.018
10.745,-0.028
10.750,0.037
10.755,0.016
10.760,0.009
10.765,0.016
10.770,0.000
10.775,0.062
10.780,0.042
10.785,0.054
10.790,0.065
10.795,0.040
10.800,0.085
10.805,0.036
10.810,0.025
10.815,0.028
10.820,-0.005
10.825,0.021
10.830,-0.025
10.835,-0.013
10.840,0.000
10.845,-0.023
10.850,0.022
10.855,-0.023
10.860,-0.012
10.865,0.002
10.870,-0.022
10.875,0.030
10.880,0.005
10.885,0.025
10.890,0.033
10.895,-0.014
10.900,-0.004
10.905,-0.061
10.910,-0.064
10.915,-0.043
10.920,0.020
10.925,0.222
10.930,0.393
10.935,0.598
10.940,0.669
10.945,0.544
10.950,0.363
10.955,0.038
10.960,-0.132
10.965,-0.144
10.970,-0.149
10.975,-0.085
10.980,-0.112
10.985,-0.095
10.990,-0.069
10.995,-0.095
11.000,-0.048
11.005,-0.066
11.010,-0.051
11.015,-0.042
11.020,-0.066
11.025,-0.025
11.030,-0.054
11.035,-0.025
11.040,-0.013
11.045,-0.059
11.050,-0.013
11.055,-0.032
11.060,-0.022
11.065,-0.012
11.070,-0.047
11.075,-0.005
11.080,-0.028
11.085,-0.012
11.090,0.006
11.095,-0.021
11.100,0.026
11.105,0.002
11.110,0.016
11.115,0.035
11.120,0.010
11.125,0.051
11.130,0.028
11.135,0.051
11.140,0.060
11.145,0.020
11.150,0.069
11.155,0.064
11.160,0.091
11.165,0.108
11.170,0.077
11.175,0.116
11.180,0.095
11.185,0.127
11.190,0.146
11.195,0.110
11.200,0.152
11.205,0.111
11.210,0.106
11.215,0.111
11.220,0.063
11.225,0.071
11.230,0.010
11.235,-0.010
11.240,-0.037
11.245,-0.101
11.250,-0.079
11.255,-0.127
11.260,-0.134
11.265,-0.130
11.270,-0.167
11.275,-0.132
11.280,-0.163
11.285,-0.148
11.290,-0.129
11.295,-0.161
11.300,-0.124
11.305,-0.148
11.310,-0.134
11.315,-0.108
11.320,-0.129
11.325,-0.092
11.330,-0.114
11.335,-0.093
11.340,-0.074
11.345,-0.105
11.350,-0.065
11.355,-0.088
11.360,-0.069
11.365,-0.048
11.370,-0.073
11.375,-0.040
11.380,-0.073
11.385,-0.050
11.390,-0.037
11.395,-0.068
11.400,-0.015
11.405,-0.044
11.410,-0.036
11.415,-0.010
11.420,-0.034
11.425,0.002
11.430,-0.026
11.435,-0.011
11.440,0.008
11.445,-0.020
11.450,0.027
11.455,-0.009
11.460,-0.010
11.465,0.021
11.470,-0.010
11.475,0.021
11.480,0.001
11.485,0.018
11.490,0.039
11.495,0.011
11.500,0.063
11.505,0.048
11.510,0.055
11.515,0.073
11.520,0.052
11.525,0.079
11.530,0.027
11.535,0.034
11.540,0.051
11.545,0.011
11.550,0.042
11.555,-0.007
11.560,-0.015
11.565,0.004
11.570,-0.020
11.575,0.019
11.580,-0.024
11.585,-0.020
11.590,0.005
11.595,-0.023
11.600,0.017
11.605,-0.013
11.610,-0.006
11.615,0.020
11.620,-0.012
11.625,0.012
11.630,-0.044
11.635,-0.076
11.640,-0.078
11.645,-0.077
11.650,0.077
11.655,0.240
11.660,0.469
11.665,0.666
11.670,0.670
11.675,0.595
11.680,0.324
11.685,0.023
11.690,-0.156
11.695,-0.220
11.700,-0.131
11.705,-0.130
11.710,-0.144
11.715,-0.112
11.720,-0.106
11.725,-0.069
11.730,-0.106
11.735,-0.089
11.740,-0.073
11.745,-0.107
11.750,-0.042
11.755,-0.056
11.760,-0.068
11.765,-0.060
11.770,-0.073
11.775,-0.033
11.780,-0.083
11.785,-0.085
11.790,-0.063
11.795,-0.071
11.800,0.010
11.805,-0.010
11.810,-0.018
11.815,0.006
11.820,-0.018
11.825,0.027
11.830,0.015
11.835,0.048
11.840,0.063
11.845,-0.034
11.850,-0.048
11.855,-0.049
11.860,0.031
11.865,0.086
11.870,0.020
11.875,0.038
11.880,0.047
11.885,0.090
11.890,0.117
11.895,0.081
11.900,0.126
11.905,0.103
11.910,0.105
11.915,0.123
11.920,0.077
11.925,0.123
11.930,0.146
11.935,0.184
11.940,0.192
11.945,0.103
11.950,0.082
11.955,0.024
11.960,-0.007
11.965,-0.010
11.970,-0.066
11.975,-0.071
11.980,-0.125
11.985,-0.126
11.990,-0.121
11.995,-0.178
12.000,-0.137
12.005,-0.154
12.010,-0.158
12.015,-0.142
12.020,-0.175
12.025,-0.126
12.030,-0.138
12.035,-0.136
12.040,-0.101
12.045,-0.120
12.050,-0.077
12.055,-0.103
12.060,-0.110
12.065,-0.080
12.070,-0.100
12.075,-0.058
12.080,-0.079
12.085,-0.067
12.090,-0.039
12.095,-0.071
12.100,-0.021
12.105,-0.047
12.110,-0.057
12.115,-0.026
12.120,-0.054
12.125,-0.021
12.130,-0.033
12.135,-0.026
12.140,-0.006
12.145,-0.055
12.150,-0.037
12.155,-0.042
12.160,0.006
12.165,0.058
12.170,0.024
12.175,0.034
12.180,-0.011
12.185,-0.002
12.190,0.018
12.195,-0.016
12.200,0.041
12.205,0.018
12.210,0.010
12.215,0.032
12.220,0.000
12.225,0.061
12.230,0.039
12.235,0.021
12.240,0.032
12.245,0.019
12.250,0.130
12.255,0.116
12.260,0.069
12.265,0.066
12.270,0.008
12.275,0.033
12.280,0.001
12.285,-0.018
12.290,-0.005
12.295,-0.041
12.300,0.007
12.305,-0.004
12.310,-0.008
12.315,0.013
12.320,-0.021
12.325,0.015
12.330,-0.002
12.335,0.006
12.340,0.028
12.345,-0.013
12.350,0.028
12.355,0.010
12.360,-0.027
12.365,-0.056
12.370,-0.108
12.375,-0.048
12.380,0.019
12.385,0.183
12.390,0.407
12.395,0.572
12.400,0.694
12.405,0.574
12.410,0.341
12.415,0.059
12.420,-0.175
12.425,-0.176
12.430,-0.179
12.435,-0.147
12.440,-0.118
12.445,-0.146
12.450,-0.070
12.455,-0.093
12.460,-0.114
12.465,-0.070
12.470,-0.096
12.475,-0.067
12.480,-0.082
12.485,-0.081
12.490,-0.060
12.495,-0.093
12.500,-0.046
12.505,-0.066
12.510,-0.074
12.515,-0.033
12.520,-0.051
12.525,-0.026
12.530,-0.052
12.535,-0.037
12.540,-0.010
12.545,-0.048
12.550,0.003
12.555,-0.009
12.560,0.001
12.565,0.039
12.570,0.001
12.575,0.044
12.580,0.031
12.585,0.034
12.590,0.075
12.595,0.045
12.600,0.093
12.605,0.086
12.610,0.087
12.615,0.128
12.620,0.096
12.625,0.123
12.630,0.109
12.635,0.119
12.640,0.151
12.645,0.113
12.650,0.158
12.655,0.141
12.660,0.122
12.665,0.132
12.670,0.083
12.675,0.107
12.680,0.064
12.685,0.016
12.690,-0.007
12.695,-0.079
12.700,-0.069
12.705,-0.122
12.710,-0.160
12.715,-0.151
12.720,-0.201
12.725,-0.176
12.730,-0.192
12.735,-0.191
12.740,-0.158
12.745,-0.184
12.750,-0.125
12.755,-0.137
12.760,-0.148
12.765,-0.102
12.770,-0.133
12.775,-0.103
12.780,-0.115
12.785,-0.113
12.790,-0.077
12.795,-0.108
12.800,-0.063
12.805,-0.071
12.810,-0.078
12.815,-0.045
12.820,-0.071
12.825,-0.034
12.830,-0.039
12.835,-0.021
12.840,0.021
12.845,-0.015
12.850,0.014
12.855,-0.001
12.860,-0.006
12.865,0.026
12.870,-0.009
12.875,0.020
12.880,0.014
12.885,0.014
12.890,0.030
12.895,-0.005
12.900,0.039
12.905,0.018
12.910,0.001
12.915,0.021
12.920,-0.018
12.925,0.022
12.930,0.009
12.935,0.001
12.940,0.026
12.945,-0.013
12.950,0.032
12.955,0.018
12.960,0.008
12.965,0.056
12.970,0.021
12.975,0.056
12.980,0.057
12.985,0.064
12.990,0.092
12.995,0.037
13.000,0.081
13.005,0.080
13.010,0.061
13.015,0.074
13.020,0.017
13.025,0.046
13.030,0.031
13.035,0.013
13.040,0.040
13.045,0.018
13.050,0.075
13.055,0.058
13.060,0.038
13.065,0.075
13.070,0.050
13.075,0.085
13.080,0.067
13.085,0.062
13.090,0.094
13.095,0.047
13.100,0.073
13.105,0.038
13.110,-0.013
13.115,0.008
13.120,-0.008
13.125,0.077
13.130,0.190
13.135,0.371
13.140,0.596
13.145,0.669
13.150,0.668
13.155,0.469
13.160,0.158
13.165,-0.046
13.170,-0.158
13.175,-0.124
13.180,-0.106
13.185,-0.111
13.190,-0.078
13.195,-0.086
13.200,-0.051
13.205,-0.078
13.210,-0.085
13.215,-0.049
13.220,-0.094
13.225,-0.069
13.230,-0.080
13.235,-0.088
13.240,-0.057
13.245,-0.092
13.250,-0.053
13.255,-0.065
13.260,-0.079
13.265,-0.043
13.270,-0.079
13.275,-0.051
13.280,-0.065
13.285,-0.078
13.290,-0.047
13.295,-0.083
13.300,-0.042
13.305,-0.054
13.310,-0.075
13.315,-0.030
13.320,-0.057
13.325,-0.026
13.330,-0.030
13.335,-0.033
13.340,-0.002
13.345,-0.040
13.350,-0.004
13.355,-0.007
13.360,-0.008
13.365,0.036
13.370,0.008
13.375,0.048
13.380,0.046
13.385,0.039
13.390,0.072
13.395,0.035
13.400,0.074
13.405,0.067
13.410,0.049
13.415,0.082
13.420,0.037
13.425,0.038
13.430,-0.008
13.435,-0.049
13.440,-0.045
13.445,-0.112
13.450,-0.108
13.455,-0.155
13.460,-0.191
13.465,-0.151
13.470,-0.190
13.475,-0.171
13.480,-0.185
13.485,-0.188
13.490,-0.144
13.495,-0.184
13.500,-0.153
13.505,-0.161
13.510,-0.172
13.515,-0.124
13.520,-0.157
13.525,-0.129
13.530,-0.133
13.535,-0.142
13.540,-0.096
13.545,-0.125
13.550,-0.094
13.555,-0.103
13.560,-0.122
13.565,-0.069
13.570,-0.090
13.575,-0.069
13.580,-0.071
13.585,-0.075
13.590,-0.043
13.595,-0.077
13.600,-0.037
13.605,-0.038
13.610,-0.054
13.615,-0.023
13.620,-0.056
13.625,-0.016
13.630,-0.015
13.635,-0.027
13.640,0.006
13.645,-0.034
13.650,0.006
13.655,0.005
13.660,-0.013
13.665,0.031
13.670,-0.008
13.675,0.013
13.680,0.014
13.685,0.008
13.690,0.044
13.695,0.010
13.700,0.046
13.705,0.049
13.710,0.039
13.715,0.081
13.720,0.050
13.725,0.078
13.730,0.065
13.735,0.044
13.740,0.076
13.745,0.036
13.750,0.059
13.755,0.038
13.760,-0.002
13.765,0.018
13.770,-0.019
13.775,0.007
13.780,0.006
13.785,-0.001
13.790,0.034
13.795,-0.005
13.800,0.024
13.805,0.013
13.810,-0.007
13.815,0.042
13.820,0.014
13.825,0.034
13.830,0.027
13.835,0.000
13.840,-0.002
13.845,-0.073
13.850,-0.042
13.855,0.000
13.860,0.097
13.865,0.318
13.870,0.487
13.875,0.663
13.880,0.665
13.885,0.508
13.890,0.277
13.895,-0.040
13.900,-0.142
13.905,-0.158
13.910,-0.143
13.915,-0.078
13.920,-0.122
13.925,-0.088
13.930,-0.069
13.935,-0.089
13.940,-0.056
13.945,-0.081
13.950,-0.045
13.955,-0.053
13.960,-0.074
13.965,-0.024
13.970,-0.056
13.975,-0.040
13.980,-0.043
13.985,-0.056
13.990,-0.015
13.995,-0.046
14.000,-0.015
14.005,-0.015
14.010,-0.031
14.015,0.011
14.020,-0.031
14.025,-0.007
14.030,-0.003
14.035,-0.020
14.040,0.019
14.045,-0.015
14.050,0.019
14.055,0.022
14.060,0.004
14.065,0.052
14.070,0.025
14.075,0.055
14.080,0.057
14.085,0.047
14.090,0.091
14.095,0.055
14.100,0.089
14.105,0.100
14.110,0.083
14.115,0.132
14.120,0.111
14.125,0.135
14.130,0.133
14.135,0.112
14.140,0.142
14.145,0.110
14.150,0.135
14.155,0.107
14.160,0.048
14.165,0.055
14.170,-0.014
14.175,-0.022
14.180,-0.048
14.185,-0.088
14.190,-0.078
14.195,-0.142
14.200,-0.124
14.205,-0.132
14.210,-0.154
14.215,-0.106
14.220,-0.141
14.225,-0.122
14.230,-0.130
14.235,-0.150
14.240,-0.101
14.245,-0.123
14.250,-0.096
14.255,-0.109
14.260,-0.128
14.265,-0.070
14.270,-0.100
14.275,-0.070
14.280,-0.059
14.285,-0.076
14.290,-0.038
14.295,-0.081
14.300,-0.060
14.305,-0.063
14.310,-0.077
14.315,-0.024
14.320,-0.065
14.325,-0.043
14.330,-0.035
14.335,-0.047
14.340,0.007
14.345,-0.029
14.350,-0.014
14.355,-0.037
14.360,-0.088
14.365,-0.020
14.370,-0.023
14.375,-0.006
14.380,-0.004
14.385,-0.023
14.390,0.016
14.395,-0.021
14.400,0.003
14.405,0.010
14.410,-0.012
14.415,0.038
14.420,0.020
14.425,0.036
14.430,0.028
14.435,0.015
14.440,0.080
14.445,0.060
14.450,0.082
14.455,0.082
14.460,0.041
14.465,0.059
14.470,0.020
14.475,0.039
14.480,0.042
14.485,0.009
14.490,0.019
14.495,-0.024
14.500,0.001
14.505,0.003
14.510,-0.029
14.515,0.014
14.520,0.000
14.525,0.021
14.530,0.030
14.535,0.006
14.540,0.037
14.545,0.007
14.550,0.034
14.555,0.031
14.560,-0.009
14.565,0.014
14.570,-0.064
14.575,-0.076
14.580,-0.058
14.585,-0.035
14.590,0.108
14.595,0.246
14.600,0.490
14.605,0.665
14.610,0.634
14.615,0.519
14.620,0.204
14.625,-0.074
14.630,-0.203
14.635,-0.236
14.640,-0.152
14.645,-0.149
14.650,-0.128
14.655,-0.111
14.660,-0.129
14.665,-0.083
14.670,-0.114
14.675,-0.098
14.680,-0.083
14.685,-0.120
14.690,-0.095
14.695,-0.130
14.700,-0.134
14.705,-0.096
14.710,-0.045
14.715,0.014
14.720,-0.027
14.725,-0.032
14.730,-0.047
14.735,-0.052
14.740,-0.006
14.745,-0.060
14.750,-0.017
14.755,0.013
14.760,-0.015
14.765,0.053
14.770,0.010
14.775,-0.014
14.780,-0.022
14.785,-0.053
14.790,0.014
14.795,0.005
14.800,-0.005
14.805,-0.067
14.810,-0.131
14.815,0.015
14.820,0.137
14.825,0.196
14.830,0.151
14.835,0.072
14.840,0.110
14.845,0.097
14.850,0.090
14.855,0.028
14.860,0.002
14.865,0.077
14.870,0.025
14.875,0.042
14.880,0.025
14.885,-0.098
14.890,-0.144
14.895,-0.164
14.900,-0.032
14.905,0.045
14.910,0.023
14.915,0.061
14.920,-0.025
14.925,-0.055
14.930,-0.058
14.935,-0.114
14.940,-0.088
14.945,-0.087
14.950,-0.042
14.955,-0.036
14.960,-0.044
14.965,0.033
14.970,0.015
14.975,0.012
14.980,-0.029
14.985,-0.057
14.990,0.033
14.995,-0.009
15.000,-0.042
15.005,-0.038
15.010,-0.061
15.015,-0.019
15.020,-0.035
15.025,-0.046
15.030,-0.090
15.035,-0.086
15.040,0.031
15.045,-0.025
15.050,-0.059
15.055,-0.056
15.060,-0.097
15.065,0.005
15.070,0.084
15.075,0.159
15.080,0.190
15.085,0.106
15.090,0.061
15.095,0.027
15.100,0.059
15.105,0.036
15.110,-0.015
15.115,0.057
15.120,0.060
15.125,0.088
15.130,0.092
15.135,0.014
15.140,0.038
15.145,0.061
15.150,0.088
15.155,0.051
15.160,-0.004
15.165,0.051
15.170,0.030
15.175,0.026
15.180,0.025
15.185,-0.004
15.190,0.019
15.195,-0.036
15.200,-0.034
15.205,-0.024
15.210,-0.053
15.215,-0.015
15.220,-0.052
15.225,-0.058
15.230,-0.053
15.235,-0.093
15.240,-0.047
15.245,-0.070
15.250,-0.079
15.255,-0.060
15.260,-0.097
15.265,-0.040
15.270,-0.009
15.275,0.035
15.280,0.064
15.285,0.021
15.290,0.041
15.295,0.020
15.300,0.011
15.305,-0.022
15.310,-0.072
15.315,0.003
15.320,0.039
15.325,0.072
15.330,0.140
15.335,0.250
15.340,0.487
15.345,0.685
15.350,0.829
15.355,0.784
15.360,0.530
15.365,0.226
15.370,-0.133
15.375,-0.243
15.380,-0.191
15.385,-0.141
15.390,-0.070
15.395,-0.160
15.400,-0.207
15.405,-0.144
15.410,-0.104
15.415,-0.062
15.420,-0.062
15.425,-0.017
15.430,0.033
15.435,0.066
15.440,0.082
15.445,-0.002
15.450,0.010
15.455,0.019
15.460,-0.026
15.465,0.014
15.470,-0.001
15.475,0.041
15.480,0.093
15.485,0.097
15.490,0.148
15.495,0.110
15.500,0.125
15.505,0.126
15.510,0.066
15.515,0.103
15.520,0.043
15.525,0.002
15.530,-0.022
15.535,-0.088
15.540,-0.060
15.545,-0.082
15.550,-0.080
15.555,-0.072
15.560,-0.045
15.565,0.104
15.570,0.128
15.575,0.156
15.580,0.231
15.585,0.263
15.590,0.357
15.595,0.360
15.600,0.391
15.605,0.454
15.610,0.429
15.615,0.455
15.620,0.405
15.625,0.368
15.630,0.376
15.635,0.320
15.640,0.296
15.645,0.213
15.650,0.168
15.655,0.134
15.660,0.073
15.665,0.106
15.670,0.054
15.675,0.030
15.680,0.024
15.685,-0.023
15.690,0.019
15.695,-0.014
15.700,-0.024
15.705,-0.035
15.710,-0.084
15.715,-0.030
15.720,-0.067
15.725,-0.090
15.730,-0.088
15.735,-0.163
15.740,-0.173
15.745,-0.207
15.750,-0.197
15.755,-0.185
15.760,-0.244
15.765,-0.262
15.770,-0.358
15.775,-0.390
15.780,-0.366
15.785,-0.401
15.790,-0.381
15.795,-0.395
15.800,-0.377
15.805,-0.367
15.810,-0.394
15.815,-0.336
15.820,-0.299
15.825,-0.222
15.830,-0.190
15.835,-0.214
15.840,-0.169
15.845,-0.228
15.850,-0.241
15.855,-0.278
15.860,-0.377
15.865,-0.328
15.870,-0.333
15.875,-0.326
15.880,-0.313
15.885,-0.341
15.890,-0.269
15.895,-0.275
15.900,-0.295
15.905,-0.310
15.910,-0.333
15.915,-0.250
15.920,-0.252
15.925,-0.252
15.930,-0.220
15.935,-0.219
15.940,-0.155
15.945,-0.195
15.950,-0.203
15.955,-0.162
15.960,-0.187
15.965,-0.142
15.970,-0.184
15.975,-0.219
15.980,-0.194
15.985,-0.220
15.990,-0.192
15.995,-0.209
16.000,-0.187
16.005,-0.152
16.010,-0.177
16.015,-0.124
16.020,-0.129
16.025,-0.115
16.030,-0.095
16.035,-0.125
16.040,-0.066
16.045,-0.071
16.050,-0.055
16.055,-0.039
16.060,-0.089
16.065,-0.064
16.070,-0.110
16.075,-0.112
16.080,-0.039
16.085,0.042
16.090,0.269
16.095,0.492
16.100,0.702
16.105,0.763
16.110,0.591
16.115,0.365
16.120,0.029
16.125,-0.138
16.130,-0.123
16.135,-0.118
16.140,-0.046
16.145,-0.066
16.150,-0.048
16.155,-0.002
16.160,-0.043
16.165,-0.002
16.170,-0.014
16.175,-0.017
16.180,0.010
16.185,0.023
16.190,0.127
16.195,0.136
16.200,0.119
16.205,0.041
16.210,-0.117
16.215,-0.093
16.220,-0.069
16.225,-0.050
16.230,0.001
16.235,-0.006
16.240,0.035
16.245,0.013
16.250,0.018
16.255,0.050
16.260,-0.001
16.265,0.017
16.270,-0.002
16.275,0.000
16.280,0.047
16.285,0.046
16.290,0.100
16.295,0.067
16.300,0.019
16.305,-0.002
16.310,-0.023
16.315,0.070
16.320,0.105
16.325,0.150
16.330,0.175
16.335,0.100
16.340,0.124
16.345,0.131
16.350,0.165
16.355,0.214
16.360,0.185
16.365,0.224
16.370,0.189
16.375,0.194
16.380,0.248
16.385,0.204
16.390,0.209
16.395,0.131
16.400,0.037
16.405,-0.017
16.410,-0.085
16.415,-0.029
16.420,-0.025
16.425,-0.020
16.430,0.037
16.435,0.018
16.440,0.025
16.445,-0.033
16.450,-0.053
16.455,-0.011
16.460,-0.049
16.465,-0.024
16.470,-0.050
16.475,-0.104
16.480,-0.099
16.485,-0.068
16.490,0.047
16.495,0.071
16.500,0.070
16.505,0.070
16.510,0.041
16.515,0.089
16.520,0.018
16.525,-0.018
16.530,0.035
16.535,-0.002
16.540,0.010
16.545,-0.038
16.550,-0.029
16.555,0.034
16.560,-0.009
16.565,0.047
16.570,0.040
16.575,0.010
16.580,0.024
16.585,-0.054
16.590,-0.086
16.595,-0.096
16.600,-0.046
16.605,-0.010
16.610,-0.026
16.615,0.033
16.620,0.016
16.625,0.014
16.630,0.019
16.635,-0.039
16.640,0.040
16.645,0.056
16.650,0.023
16.655,0.058
16.660,0.028
16.665,0.049
16.670,0.053
16.675,0.054
16.680,0.092
16.685,0.088
16.690,0.133
16.695,0.081
16.700,0.041
16.705,0.092
16.710,0.090
16.715,0.099
16.720,0.019
16.725,-0.006
16.730,0.059
16.735,0.033
16.740,0.031
16.745,-0.006
16.750,0.008
16.755,0.068
16.760,0.040
16.765,0.091
16.770,0.069
16.775,0.005
16.780,0.035
16.785,0.040
16.790,0.071
16.795,0.022
16.800,-0.035
16.805,-0.036
16.810,-0.051
16.815,0.041
16.820,0.128
16.825,0.305
16.830,0.587
16.835,0.718
16.840,0.749
16.845,0.569
16.850,0.245
16.855,0.004
16.860,-0.125
16.865,-0.096
16.870,-0.088
16.875,-0.096
16.880,-0.066
16.885,-0.079
16.890,-0.054
16.895,-0.093
16.900,-0.102
16.905,-0.053
16.910,-0.084
16.915,-0.050
16.920,-0.065
16.925,-0.066
16.930,-0.003
16.935,-0.041
16.940,-0.023
16.945,-0.021
16.950,-0.012
16.955,0.037
16.960,-0.020
16.965,-0.001
16.970,0.016
16.975,0.012
16.980,0.027
16.985,-0.019
16.990,0.006
16.995,-0.017
17.000,-0.041
17.005,-0.027
17.010,-0.066
17.015,-0.016
17.020,-0.032
17.025,-0.064
17.030,-0.038
17.035,-0.041
17.040,0.051
17.045,0.070
17.050,0.068
17.055,0.098
17.060,0.045
17.065,0.073
17.070,0.077
17.075,0.076
17.080,0.125
17.085,0.115
17.090,0.177
17.095,0.172
17.100,0.131
17.105,0.097
17.110,-0.008
17.115,0.018
17.120,0.026
17.125,0.015
17.130,0.039
17.135,-0.040
17.140,-0.061
17.145,-0.075
17.150,-0.085
17.155,-0.093
17.160,-0.150
17.165,-0.107
17.170,-0.092
17.175,-0.077
17.180,-0.052
17.185,-0.139
17.190,-0.151
17.195,-0.167
17.200,-0.177
17.205,-0.130
17.210,-0.158
17.215,-0.102
17.220,-0.082
17.225,-0.131
17.230,-0.137
17.235,-0.179
17.240,-0.125
17.245,-0.081
17.250,-0.060
17.255,-0.027
17.260,-0.061
17.265,-0.046
17.270,-0.124
17.275,-0.188
17.280,-0.110
17.285,-0.078
17.290,-0.057
17.295,-0.084
17.300,-0.089
17.305,-0.021
17.310,-0.022
17.315,-0.042
17.320,-0.109
17.325,-0.098
17.330,-0.008
17.335,-0.025
17.340,-0.006
17.345,-0.065
17.350,-0.142
17.355,-0.073
17.360,-0.003
17.365,0.095
17.370,0.081
17.375,0.019
17.380,0.047
17.385,0.047
17.390,0.052
17.395,-0.001
17.400,-0.005
17.405,0.000
17.410,-0.091
17.415,-0.050
17.420,-0.003
17.425,0.055
17.430,0.108
17.435,0.017
17.440,-0.058
17.445,-0.146
17.450,-0.126
17.455,-0.070
17.460,-0.126
17.465,-0.094
17.470,-0.171
17.475,-0.316
17.480,-0.382
17.485,-0.400
17.490,-0.198
17.495,-0.052
17.500,-0.029
17.505,-0.007
17.510,-0.026
17.515,0.093
17.520,0.162
17.525,0.138
17.530,0.112
17.535,0.036
17.540,0.036
17.545,0.017
17.550,-0.002
17.555,0.042
17.560,0.120
17.565,0.292
17.570,0.418
17.575,0.561
17.580,0.694
17.585,0.551
17.590,0.300
17.595,0.094
17.600,0.002
17.605,0.003
17.610,-0.060
17.615,-0.053
17.620,-0.038
17.625,-0.053
17.630,-0.043
17.635,-0.072
17.640,-0.004
17.645,0.028
17.650,0.011
17.655,0.013
17.660,-0.058
17.665,-0.037
17.670,-0.042
17.675,-0.065
17.680,-0.012
17.685,-0.031
17.690,0.010
17.695,-0.003
17.700,-0.041
17.705,0.031
17.710,0.011
17.715,0.036
17.720,0.058
17.725,0.066
17.730,0.106
17.735,-0.042
17.740,-0.121
17.745,-0.070
17.750,-0.017
17.755,0.059
17.760,0.035
17.765,0.014
17.770,0.035
17.775,0.088
17.780,0.142
17.785,0.124
17.790,0.112
17.795,0.019
17.800,-0.017
17.805,0.050
17.810,0.051
17.815,0.143
17.820,0.161
17.825,0.096
17.830,0.159
17.835,0.187
17.840,0.203
17.845,0.177
17.850,0.088
17.855,0.032
17.860,0.010
17.865,0.072
17.870,0.055
17.875,-0.008
17.880,-0.010
17.885,-0.118
17.890,-0.181
17.895,-0.185
17.900,-0.140
17.905,-0.028
17.910,-0.072
17.915,-0.107
17.920,-0.125
17.925,-0.181
17.930,-0.200
17.935,-0.219
17.940,-0.103
17.945,-0.049
17.950,-0.095
17.955,-0.097
17.960,-0.149
17.965,-0.117
17.970,-0.048
17.975,0.034
17.980,0.068
17.985,-0.081
17.990,-0.141
17.995,-0.142
18.000,-0.112
18.005,-0.030
18.010,-0.074
18.015,-0.095
18.020,-0.101
18.025,-0.054
18.030,0.042
18.035,-0.011
18.040,-0.011
18.045,0.009
18.050,0.010
18.055,0.024
18.060,-0.057
18.065,-0.038
18.070,-0.035
18.075,-0.060
18.080,0.004
18.085,-0.035
18.090,-0.039
18.095,-0.020
18.100,-0.004
18.105,0.045
18.110,0.013
18.115,0.073
18.120,0.066
18.125,-0.051
18.130,-0.039
18.135,-0.042
18.140,0.007
18.145,0.052
18.150,0.040
18.155,0.065
18.160,0.005
18.165,0.017
18.170,0.070
18.175,0.056
18.180,0.053
18.185,-0.005
18.190,-0.007
18.195,0.003
18.200,-0.002
18.205,0.025
18.210,0.004
18.215,0.043
18.220,0.041
18.225,0.011
18.230,0.046
18.235,0.029
18.240,0.085
18.245,0.056
18.250,-0.031
18.255,0.032
18.260,0.055
18.265,0.089
18.270,0.039
18.275,-0.060
18.280,-0.028
18.285,0.021
18.290,0.221
18.295,0.422
18.300,0.543
18.305,0.623
18.310,0.478
18.315,0.275
18.320,-0.014
18.325,-0.184
18.330,-0.062
18.335,-0.040
18.340,-0.041
18.345,-0.075
18.350,-0.132
18.355,-0.082
18.360,-0.130
18.365,-0.133
18.370,-0.110
18.375,-0.157
18.380,-0.167
18.385,-0.131
18.390,0.023
18.395,0.093
18.400,0.076
18.405,0.073
18.410,0.013
18.415,0.059
18.420,0.039
18.425,-0.061
18.430,-0.076
18.435,-0.142
18.440,-0.175
18.445,-0.229
18.450,-0.278
18.455,-0.214
18.460,-0.164
18.465,0.012
18.470,0.114
18.475,0.050
18.480,0.070
18.485,-0.002
18.490,-0.011
18.495,0.059
18.500,0.039
18.505,0.065
18.510,0.074
18.515,0.112
18.520,0.094
18.525,0.017
18.530,0.025
18.535,-0.028
18.540,-0.070
18.545,-0.111
18.550,-0.094
18.555,0.086
18.560,0.145
18.565,0.132
18.570,0.115
18.575,0.071
18.580,0.056
18.585,-0.014
18.590,0.005
18.595,-0.005
18.600,-0.124
18.605,-0.130
18.610,-0.122
18.615,-0.114
18.620,-0.189
18.625,-0.306
18.630,-0.277
18.635,-0.297
18.640,-0.298
18.645,-0.239
18.650,-0.186
18.655,-0.100
18.660,-0.126
18.665,-0.159
18.670,-0.202
18.675,-0.239
18.680,-0.173
18.685,-0.164
18.690,-0.127
18.695,-0.102
18.700,-0.111
18.705,-0.067
18.710,-0.066
18.715,0.020
18.720,0.006
18.725,-0.115
18.730,-0.090
18.735,-0.088
18.740,-0.013
18.745,-0.003
18.750,-0.095
18.755,-0.006
18.760,0.045
18.765,0.027
18.770,-0.045
18.775,-0.077
18.780,0.036
18.785,0.063
18.790,0.103
18.795,0.102
18.800,0.078
18.805,0.128
18.810,0.029
18.815,0.013
18.820,0.069
18.825,0.071
18.830,0.145
18.835,0.127
18.840,0.080
18.845,0.061
18.850,0.080
18.855,0.151
18.860,0.119
18.865,0.149
18.870,0.190
18.875,0.157
18.880,0.140
18.885,0.051
18.890,0.032
18.895,0.051
18.900,0.046
18.905,0.083
18.910,0.026
18.915,0.038
18.920,0.056
18.925,0.059
18.930,0.186
18.935,0.125
18.940,0.020
18.945,0.015
18.950,0.025
18.955,0.093
18.960,0.044
18.965,0.016
18.970,0.015
18.975,-0.066
18.980,-0.059
18.985,-0.047
18.990,0.049
18.995,0.193
19.000,0.310
19.005,0.523
19.010,0.603
19.015,0.526
19.020,0.339
19.025,0.078
19.030,-0.091
19.035,-0.199
19.040,-0.148
19.045,-0.057
19.050,-0.072
19.055,-0.081
19.060,-0.113
19.065,-0.084
19.070,-0.079
19.075,-0.118
19.080,-0.042
19.085,-0.026
19.090,-0.021
19.095,-0.053
19.100,-0.128
19.105,-0.093
19.110,-0.099
19.115,-0.051
19.120,-0.036
19.125,-0.109
19.130,-0.070
19.135,-0.081
19.140,-0.045
19.145,0.000
19.150,-0.054
19.155,-0.049
19.160,-0.110
19.165,-0.166
19.170,-0.204
19.175,-0.223
19.180,-0.111
19.185,-0.052
19.190,0.034
19.195,0.127
19.200,0.161
19.205,0.211
19.210,0.123
19.215,0.047
19.220,0.034
19.225,0.027
19.230,0.095
19.235,0.080
19.240,0.076
19.245,0.096
19.250,0.071
19.255,0.102
19.260,0.121
19.265,0.200
19.270,0.236
19.275,0.175
19.280,0.203
19.285,0.178
19.290,0.158
19.295,0.139
19.300,0.048
19.305,0.033
19.310,-0.027
19.315,-0.058
19.320,-0.066
19.325,-0.042
19.330,0.067
19.335,0.016
19.340,-0.014
19.345,-0.015
19.350,-0.053
19.355,-0.038
19.360,-0.071
19.365,-0.053
19.370,-0.069
19.375,-0.116
19.380,-0.068
19.385,-0.066
19.390,-0.046
19.395,-0.073
19.400,-0.123
19.405,-0.059
19.410,-0.123
19.415,-0.166
19.420,-0.144
19.425,-0.164
19.430,-0.085
19.435,-0.095
19.440,-0.134
19.445,-0.157
19.450,-0.206
19.455,-0.178
19.460,-0.204
19.465,-0.184
19.470,-0.091
19.475,-0.039
19.480,-0.029
19.485,-0.128
19.490,-0.152
19.495,-0.105
19.500,-0.091
19.505,-0.056
19.510,-0.101
19.515,-0.072
19.520,-0.032
19.525,-0.070
19.530,-0.027
19.535,-0.064
19.540,-0.050
19.545,0.009
19.550,-0.077
19.555,-0.096
19.560,-0.105
19.565,-0.085
19.570,-0.010
19.575,-0.022
19.580,-0.006
19.585,-0.021
19.590,-0.037
19.595,-0.014
19.600,-0.032
19.605,-0.030
19.610,-0.063
19.615,0.013
19.620,0.053
19.625,-0.066
19.630,-0.076
19.635,-0.092
19.640,-0.076
19.645,-0.043
19.650,-0.065
19.655,0.010
19.660,0.046
19.665,0.042
19.670,0.057
19.675,0.009
19.680,-0.086
19.685,-0.211
19.690,-0.167
19.695,0.032
19.700,0.260
19.705,0.584
19.710,0.755
19.715,0.742
19.720,0.609
19.725,0.326
19.730,0.141
19.735,0.034
19.740,-0.040
19.745,-0.060
19.750,-0.055
19.755,0.015
19.760,0.035
19.765,0.060
19.770,0.044
19.775,0.013
19.780,0.070
19.785,-0.038
19.790,-0.082
19.795,0.042
19.800,0.054
19.805,0.062
19.810,0.033
19.815,-0.016
19.820,-0.083
19.825,-0.190
19.830,-0.134
19.835,-0.049
19.840,0.029
19.845,0.049
19.850,-0.013
19.855,0.013
19.860,0.011
19.865,0.074
19.870,0.090
19.875,-0.018
19.880,0.018
19.885,0.069
19.890,0.121
19.895,0.106
19.900,0.018
19.905,0.029
19.910,-0.008
19.915,0.003
19.920,0.050
19.925,0.073
19.930,0.139
19.935,0.093
19.940,0.101
19.945,0.166
19.950,0.144
19.955,0.154
19.960,0.106
19.965,0.106
19.970,0.145
19.975,0.119
19.980,0.161
19.985,0.110
19.990,0.070
19.995,0.091
20.000,-0.003
20.005,-0.044
20.010,-0.100
20.015,-0.120
20.020,-0.090
20.025,-0.142
20.030,-0.111
20.035,-0.161
20.040,-0.227
20.045,-0.153
20.050,-0.097
20.055,-0.061
20.060,-0.138
20.065,-0.148
20.070,-0.076
20.075,-0.092
20.080,-0.085
20.085,-0.175
20.090,-0.177
20.095,-0.105
20.100,-0.166
20.105,-0.228
20.110,-0.331
20.115,-0.365
20.120,-0.401
20.125,-0.385
20.130,-0.096
20.135,0.080
20.140,0.131
20.145,0.159
20.150,0.100
20.155,0.141
20.160,0.080
20.165,-0.014
20.170,-0.007
20.175,-0.057
20.180,-0.050
20.185,-0.063
20.190,-0.061
20.195,-0.027
20.200,-0.026
20.205,0.042
20.210,-0.013
20.215,-0.067
20.220,-0.007
20.225,0.006
20.230,0.033
20.235,0.013
20.240,0.015
20.245,0.033
20.250,-0.013
20.255,0.023
20.260,0.035
20.265,0.047
20.270,0.084
20.275,0.066
20.280,0.123
20.285,0.126
20.290,0.081
20.295,0.071
20.300,0.050
20.305,0.097
20.310,0.064
20.315,0.026
20.320,0.058
20.325,0.046
20.330,0.063
20.335,0.024
20.340,0.008
20.345,0.027
20.350,0.005
20.355,0.056
20.360,0.058
20.365,0.077
20.370,0.082
20.375,-0.013
20.380,-0.011
20.385,-0.062
20.390,-0.094
20.395,-0.022
20.400,-0.010
20.405,0.091
20.410,0.223
20.415,0.413
20.420,0.579
20.425,0.502
20.430,0.354
20.435,0.076
20.440,-0.176
20.445,-0.250
20.450,-0.278
20.455,-0.208
20.460,-0.196
20.465,-0.171
20.470,-0.089
20.475,-0.062
20.480,-0.017
20.485,-0.094
20.490,-0.153
20.495,-0.160
20.500,-0.260
20.505,-0.297
20.510,-0.403
20.515,-0.463
20.520,-0.416
20.525,-0.409
20.530,-0.190
20.535,0.041
20.540,0.073
20.545,0.000
20.550,-0.108
20.555,-0.010
20.560,0.156
20.565,0.190
20.570,0.123
20.575,0.038
20.580,0.010
20.585,-0.067
20.590,-0.035
20.595,0.008
20.600,-0.193
20.605,-0.226
20.610,-0.069
20.615,0.030
20.620,0.087
20.625,0.029
20.630,0.016
20.635,0.156
20.640,0.309
20.645,0.347
20.650,0.261
20.655,0.156
20.660,0.039
20.665,0.069
20.670,0.187
20.675,0.186
20.680,0.276
20.685,0.263
20.690,0.158
20.695,0.225
20.700,0.138
20.705,-0.080
20.710,-0.135
20.715,0.116
20.720,0.347
20.725,0.220
20.730,0.051
20.735,-0.064
20.740,-0.028
20.745,0.113
20.750,0.028
20.755,-0.216
20.760,-0.561
20.765,-0.614
20.770,-0.207
20.775,0.020
20.780,-0.116
20.785,-0.217
20.790,0.104
20.795,0.418
20.800,0.294
20.805,0.028
20.810,-0.260
20.815,-0.312
20.820,-0.111
20.825,-0.003
20.830,0.096
20.835,0.120
20.840,0.145
20.845,0.247
20.850,0.047
20.855,-0.266
20.860,-0.290
20.865,-0.019
20.870,0.209
20.875,0.212
20.880,0.115
20.885,-0.116
20.890,-0.103
20.895,0.294
20.900,0.504
20.905,0.409
20.910,0.124
20.915,0.016
20.920,0.217
20.925,0.315
20.930,0.303
20.935,0.222
20.940,0.177
20.945,0.091
20.950,0.022
20.955,0.291
20.960,0.423
20.965,0.125
20.970,-0.270
20.975,-0.353
20.980,-0.114
20.985,0.046
20.990,0.101
20.995,0.048
21.000,-0.018
21.005,-0.046
21.010,-0.122
21.015,0.054
21.020,0.148
21.025,-0.125
21.030,-0.223
21.035,-0.011
21.040,0.261
21.045,0.263
21.050,0.057
21.055,0.000
21.060,0.024
21.065,-0.010
21.070,0.041
21.075,0.256
21.080,0.215
21.085,-0.137
21.090,-0.282
21.095,-0.150
21.100,0.148
21.105,0.352
21.110,0.217
21.115,0.196
21.120,0.354
21.125,0.413
21.130,0.632
21.135,0.838
21.140,0.736
21.145,0.506
21.150,0.116
21.155,-0.241
21.160,-0.165
21.165,0.124
21.170,0.166
21.175,0.045
21.180,-0.042
21.185,-0.083
21.190,0.150
21.195,0.420
21.200,0.281
21.205,-0.096
21.210,-0.352
21.215,-0.281
21.220,-0.097
21.225,0.001
21.230,-0.026
21.235,-0.068
21.240,0.150
21.245,0.211
21.250,-0.025
21.255,-0.153
21.260,-0.187
21.265,0.012
21.270,0.146
21.275,-0.099
21.280,-0.126
21.285,0.069
21.290,0.087
21.295,0.009
21.300,-0.119
21.305,-0.209
21.310,-0.158
21.315,0.021
21.320,0.044
21.325,-0.067
21.330,0.112
21.335,0.151
21.340,0.029
21.345,0.046
21.350,-0.079
21.355,-0.104
21.360,-0.052
21.365,0.053
21.370,0.253
21.375,0.185
21.380,-0.028
21.385,-0.107
21.390,0.027
21.395,-0.003
21.400,-0.188
21.405,0.022
21.410,0.263
21.415,0.221
21.420,0.058
21.425,-0.133
21.430,-0.135
21.435,-0.151
21.440,-0.313
21.445,-0.294
21.450,-0.112
21.455,-0.105
21.460,-0.237
21.465,-0.261
21.470,-0.311
21.475,-0.307
21.480,-0.148
21.485,-0.212
21.490,-0.300
21.495,-0.388
21.500,-0.419
21.505,-0.323
21.510,-0.719
21.515,-1.097
21.520,-1.041
21.525,-0.738
21.530,-0.422
21.535,-0.558
21.540,-0.752
21.545,-0.738
21.550,-0.654
21.555,-0.558
21.560,-0.576
21.565,-0.573
21.570,-0.490
21.575,-0.336
21.580,-0.210
21.585,-0.357
21.590,-0.442
21.595,-0.338
21.600,-0.287
21.605,-0.178
21.610,-0.205
21.615,-0.257
21.620,-0.092
21.625,-0.061
21.630,-0.105
21.635,-0.122
21.640,-0.160
21.645,-0.136
21.650,-0.072
21.655,0.025
21.660,0.035
21.665,0.008
21.670,-0.045
21.675,-0.098
21.680,0.020
21.685,0.059
21.690,0.040
21.695,0.084
21.700,0.075
21.705,0.137
21.710,0.163
21.715,0.125
21.720,0.163
21.725,0.173
21.730,0.159
21.735,0.075
21.740,0.014
21.745,0.060
21.750,0.051
21.755,0.097
21.760,0.135
21.765,0.101
21.770,0.046
21.775,-0.067
21.780,0.013
21.785,0.168
21.790,0.199
21.795,0.188
21.800,0.148
21.805,0.175
21.810,0.160
21.815,0.115
21.820,0.129
21.825,0.106
21.830,0.057
21.835,0.011
21.840,0.182
21.845,0.392
21.850,0.430
21.855,0.534
21.860,0.536
21.865,0.343
21.870,0.019
21.875,-0.191
21.880,0.010
21.885,0.169
21.890,0.130
21.895,0.070
21.900,-0.037
21.905,-0.008
21.910,0.049
21.915,0.092
21.920,0.141
21.925,0.053
21.930,-0.009
21.935,-0.039
21.940,-0.055
21.945,-0.024
21.950,0.063
21.955,0.194
21.960,0.076
21.965,-0.073
21.970,0.005
21.975,0.070
21.980,0.108
21.985,0.017
21.990,-0.084
21.995,0.075
22.000,0.170
22.005,0.106
22.010,-0.029
22.015,-0.078
22.020,0.082
22.025,0.175
22.030,0.199
22.035,0.123
22.040,0.056
22.045,0.128
22.050,0.116
22.055,0.123
22.060,0.126
22.065,0.081
22.070,0.074
22.075,0.045
22.080,0.100
22.085,0.139
22.090,0.150
22.095,0.193
22.100,0.124
22.105,0.108
22.110,0.127
22.115,0.128
22.120,0.161
22.125,0.127
22.130,0.144
22.135,0.099
22.140,0.009
22.145,0.021
22.150,-0.030
22.155,-0.031
22.160,-0.031
22.165,-0.056
22.170,-0.043
22.175,-0.119
22.180,-0.080
22.185,-0.030
22.190,-0.072
22.195,-0.076
22.200,-0.125
22.205,-0.093
22.210,-0.072
22.215,-0.111
22.220,-0.079
22.225,-0.099
22.230,-0.048
22.235,0.008
22.240,-0.024
22.245,-0.034
22.250,-0.100
22.255,-0.089
22.260,-0.061
22.265,-0.087
22.270,-0.059
22.275,-0.085
22.280,-0.059
22.285,-0.043
22.290,-0.065
22.295,-0.033
22.300,-0.053
22.305,-0.005
22.310,-0.006
22.315,-0.063
22.320,-0.040
22.325,-0.071
22.330,-0.042
22.335,-0.040
22.340,-0.070
22.345,0.002
22.350,-0.020
22.355,-0.028
22.360,-0.025
22.365,-0.068
22.370,-0.065
22.375,-0.075
22.380,0.011
22.385,0.018
22.390,-0.053
22.395,0.014
22.400,0.015
22.405,0.018
22.410,0.010
22.415,-0.038
22.420,0.019
22.425,-0.009
22.430,-0.033
22.435,-0.018
22.440,-0.019
22.445,0.016
22.450,-0.024
22.455,-0.001
22.460,-0.001
22.465,-0.067
22.470,-0.042
22.475,-0.077
22.480,-0.053
22.485,-0.001
22.490,-0.007
22.495,0.017
22.500,-0.038
22.505,-0.015
22.510,0.037
22.515,0.001
22.520,-0.045
22.525,-0.153
22.530,-0.146
22.535,-0.090
22.540,-0.045
22.545,0.126
22.550,0.276
22.555,0.452
22.560,0.580
22.565,0.578
22.570,0.482
22.575,0.194
22.580,-0.034
22.585,-0.126
22.590,-0.147
22.595,-0.066
22.600,-0.061
22.605,-0.050
22.610,-0.066
22.615,-0.122
22.620,-0.076
22.625,-0.089
22.630,-0.052
22.635,-0.022
22.640,-0.060
22.645,-0.013
22.650,-0.057
22.655,-0.060
22.660,-0.010
22.665,-0.033
22.670,-0.031
22.675,-0.067
22.680,-0.039
22.685,-0.027
22.690,-0.052
22.695,0.003
22.700,-0.028
22.705,-0.012
22.710,0.000
22.715,-0.059
22.720,-0.031
22.725,-0.040
22.730,-0.008
22.735,0.021
22.740,-0.001
22.745,0.021
22.750,-0.039
22.755,0.004
22.760,0.094
22.765,0.082
22.770,0.104
22.775,0.046
22.780,0.045
22.785,0.083
22.790,0.062
22.795,0.138
22.800,0.134
22.805,0.101
22.810,0.101
22.815,0.085
22.820,0.138
22.825,0.115
22.830,0.096
22.835,0.074
22.840,0.020
22.845,0.017
22.850,-0.062
22.855,-0.038
22.860,0.004
22.865,-0.068
22.870,-0.087
22.875,-0.159
22.880,-0.150
22.885,-0.118
22.890,-0.152
22.895,-0.061
22.900,-0.067
22.905,-0.136
22.910,-0.164
22.915,-0.183
22.920,-0.103
22.925,-0.133
22.930,-0.211
22.935,-0.213
22.940,-0.227
22.945,-0.205
22.950,-0.226
22.955,-0.221
22.960,-0.251
22.965,-0.369
22.970,-0.481
22.975,-0.480
22.980,-0.120
22.985,0.114
22.990,0.086
22.995,0.103
23.000,0.066
23.005,0.125
23.010,0.121
23.015,0.028
23.020,0.093
23.025,0.109
23.030,0.126
23.035,0.147
23.040,0.086
23.045,0.084
23.050,0.052
23.055,0.078
23.060,0.124
23.065,0.092
23.070,0.121
23.075,0.121
23.080,0.131
23.085,0.123
23.090,0.085
23.095,0.126
23.100,0.113
23.105,0.177
23.110,0.249
23.115,0.175
23.120,0.134
23.125,0.076
23.130,0.099
23.135,0.155
23.140,0.123
23.145,0.132
23.150,0.085
23.155,0.076
23.160,0.068
23.165,-0.009
23.170,0.021
23.175,0.018
23.180,0.015
23.185,0.008
23.190,-0.045
23.195,-0.005
23.200,-0.021
23.205,-0.026
23.210,0.022
23.215,0.035
23.220,0.083
23.225,0.063
23.230,0.086
23.235,0.093
23.240,-0.002
23.245,-0.013
23.250,-0.037
23.255,0.002
23.260,0.123
23.265,0.295
23.270,0.580
23.275,0.733
23.280,0.727
23.285,0.570
23.290,0.253
23.295,0.035
23.300,-0.129
23.305,-0.208
23.310,-0.160
23.315,-0.180
23.320,-0.151
23.325,-0.091
23.330,-0.027
23.335,0.006
23.340,-0.077
23.345,-0.108
23.350,-0.131
23.355,-0.096
23.360,-0.065
23.365,-0.105
23.370,-0.071
23.375,-0.117
23.380,-0.137
23.385,-0.123
23.390,-0.187
23.395,-0.146
23.400,-0.095
23.405,-0.007
23.410,0.047
23.415,-0.057
23.420,-0.124
23.425,-0.155
23.430,-0.114
23.435,-0.076
23.440,-0.096
23.445,-0.032
23.450,-0.049
23.455,-0.066
23.460,-0.031
23.465,-0.048
23.470,0.013
23.475,0.024
23.480,0.022
23.485,0.083
23.490,0.147
23.495,0.224
23.500,0.164
23.505,0.092
23.510,0.098
23.515,0.149
23.520,0.234
23.525,0.187
23.530,0.163
23.535,0.168
23.540,0.068
23.545,0.054
23.550,0.043
23.555,0.059
23.560,0.097
23.565,0.033
23.570,0.019
23.575,-0.036
23.580,-0.098
23.585,-0.132
23.590,-0.184
23.595,-0.143
23.600,-0.175
23.605,-0.242
23.610,-0.276
23.615,-0.279
23.620,-0.208
23.625,-0.196
23.630,-0.128
23.635,-0.094
23.640,-0.164
23.645,-0.193
23.650,-0.254
23.655,-0.218
23.660,-0.145
23.665,-0.140
23.670,-0.073
23.675,-0.059
23.680,-0.118
23.685,-0.254
23.690,-0.360
23.695,-0.255
23.700,-0.184
23.705,-0.125
23.710,0.020
23.715,0.099
23.720,0.104
23.725,0.000
23.730,-0.030
23.735,0.048
23.740,0.068
23.745,0.055
23.750,-0.016
23.755,-0.019
23.760,0.017
23.765,0.021
23.770,0.116
23.775,0.144
23.780,0.116
23.785,0.074
23.790,0.016
23.795,0.082
23.800,0.116
23.805,0.131
23.810,0.117
23.815,0.029
23.820,0.064
23.825,0.090
23.830,0.099
23.835,0.116
23.840,0.061
23.845,0.070
23.850,0.038
23.855,-0.010
23.860,-0.019
23.865,-0.057
23.870,0.014
23.875,0.044
23.880,0.066
23.885,0.098
23.890,-0.016
23.895,-0.073
23.900,-0.117
23.905,-0.101
23.910,-0.035
23.915,-0.089
23.920,-0.083
23.925,-0.091
23.930,-0.077
23.935,-0.034
23.940,-0.085
23.945,-0.048
23.950,-0.095
23.955,-0.183
23.960,-0.135
23.965,-0.075
23.970,0.103
23.975,0.330
23.980,0.529
23.985,0.636
23.990,0.566
23.995,0.468
24.000,0.193
24.005,-0.108
24.010,-0.191
24.015,-0.215
24.020,-0.141
24.025,-0.140
24.030,-0.169
24.035,-0.069
24.040,0.024
24.045,0.154
24.050,0.146
24.055,0.021
24.060,-0.104
24.065,-0.187
24.070,-0.059
24.075,0.016
24.080,0.040
24.085,0.134
24.090,0.113
24.095,0.038
24.100,-0.114
24.105,-0.181
24.110,-0.071
24.115,-0.019
24.120,-0.011
24.125,-0.059
24.130,-0.065
24.135,-0.032
24.140,-0.044
24.145,0.050
24.150,0.119
24.155,0.179
24.160,0.170
24.165,-0.002
24.170,-0.004
24.175,0.059
24.180,0.121
24.185,0.192
24.190,0.140
24.195,0.156
24.200,0.169
24.205,0.173
24.210,0.213
24.215,0.184
24.220,0.202
24.225,0.208
24.230,0.217
24.235,0.231
24.240,0.182
24.245,0.223
24.250,0.232
24.255,0.215
24.260,0.232
24.265,0.189
24.270,0.176
24.275,0.121
24.280,0.092
24.285,0.086
24.290,0.007
24.295,0.019
24.300,0.007
24.305,-0.020
24.310,-0.010
24.315,-0.047
24.320,-0.027
24.325,-0.053
24.330,-0.058
24.335,-0.020
24.340,-0.052
24.345,-0.017
24.350,-0.035
24.355,-0.054
24.360,-0.015
24.365,-0.046
24.370,-0.014
24.375,-0.001
24.380,0.073
24.385,0.227
24.390,0.229
24.395,0.212
24.400,0.132
24.405,0.066
24.410,0.099
24.415,0.045
24.420,0.040
24.425,0.024
24.430,-0.009
24.435,0.011
24.440,-0.014
24.445,0.014
24.450,-0.015
24.455,-0.043
24.460,-0.012
24.465,-0.048
24.470,-0.036
24.475,-0.087
24.480,-0.140
24.485,-0.123
24.490,-0.168
24.495,-0.141
24.500,-0.187
24.505,-0.267
24.510,-0.240
24.515,-0.272
24.520,-0.255
24.525,-0.248
24.530,-0.252
24.535,-0.206
24.540,-0.253
24.545,-0.257
24.550,-0.258
24.555,-0.252
24.560,-0.214
24.565,-0.265
24.570,-0.261
24.575,-0.265
24.580,-0.271
24.585,-0.252
24.590,-0.288
24.595,-0.232
24.600,-0.250
24.605,-0.292
24.610,-0.238
24.615,-0.255
24.620,-0.211
24.625,-0.194
24.630,-0.213
24.635,-0.180
24.640,-0.201
24.645,-0.171
24.650,-0.174
24.655,-0.185
24.660,-0.165
24.665,-0.224
24.670,-0.202
24.675,-0.150
24.680,-0.034
24.685,0.188
24.690,0.360
24.695,0.544
24.700,0.563
24.705,0.418
24.710,0.199
24.715,-0.088
24.720,-0.194
24.725,-0.216
24.730,-0.186
24.735,-0.133
24.740,-0.148
24.745,-0.082
24.750,-0.059
24.755,-0.075
24.760,-0.067
24.765,-0.084
24.770,-0.032
24.775,-0.039
24.780,-0.045
24.785,0.003
24.790,-0.016
24.795,0.013
24.800,-0.008
24.805,-0.023
24.810,0.029
24.815,0.008
24.820,0.037
24.825,0.044
24.830,0.033
24.835,0.054
24.840,0.019
24.845,0.055
24.850,0.053
24.855,0.031
24.860,0.075
24.865,0.049
24.870,0.062
24.875,0.053
24.880,0.059
24.885,0.107
24.890,0.054
24.895,0.078
24.900,0.081
24.905,0.074
24.910,0.128
24.915,0.106
24.920,0.142
24.925,0.149
24.930,0.140
24.935,0.176
24.940,0.141
24.945,0.163
24.950,0.159
24.955,0.165
24.960,0.206
24.965,0.133
24.970,0.119
24.975,0.103
24.980,0.071
24.985,0.068
24.990,0.003
24.995,0.006
25.000,-0.034
25.005,-0.079
25.010,-0.049
25.015,-0.095
25.020,-0.081
25.025,-0.085
25.030,-0.096
25.035,-0.064
25.040,-0.110
25.045,-0.067
25.050,-0.040
25.055,-0.077
25.060,-0.073
25.065,-0.095
25.070,-0.051
25.075,-0.036
25.080,-0.061
25.085,-0.047
25.090,-0.063
25.095,-0.016
25.100,-0.026
25.105,-0.057
25.110,-0.013
25.115,-0.040
25.120,-0.021
25.125,-0.017
25.130,-0.029
25.135,0.001
25.140,-0.032
25.145,0.006
25.150,0.014
25.155,-0.012
25.160,0.014
25.165,-0.025
25.170,0.003
25.175,0.008
25.180,-0.009
25.185,0.034
25.190,-0.002
25.195,0.013
25.200,0.017
25.205,0.007
25.210,0.048
25.215,0.014
25.220,0.039
25.225,0.019
25.230,-0.019
25.235,0.027
25.240,0.006
25.245,0.044
25.250,0.045
25.255,0.013
25.260,0.054
25.265,0.014
25.270,0.015
25.275,0.006
25.280,-0.023
25.285,0.006
25.290,-0.013
25.295,0.022
25.300,0.024
25.305,0.031
25.310,0.117
25.315,0.120
25.320,0.134
25.325,0.098
25.330,0.073
25.335,0.079
25.340,-0.028
25.345,-0.046
25.350,-0.054
25.355,-0.072
25.360,-0.033
25.365,-0.072
25.370,-0.011
25.375,0.122
25.380,0.293
25.385,0.547
25.390,0.697
25.395,0.751
25.400,0.588
25.405,0.263
25.410,0.029
25.415,-0.123
25.420,-0.143
25.425,-0.141
25.430,-0.132
25.435,-0.079
25.440,-0.074
25.445,-0.036
25.450,-0.059
25.455,-0.073
25.460,-0.017
25.465,-0.051
25.470,-0.024
25.475,-0.012
25.480,-0.036
25.485,-0.004
25.490,-0.037
25.495,-0.012
25.500,-0.011
25.505,-0.027
25.510,0.029
25.515,0.001
25.520,0.014
25.525,0.022
25.530,-0.001
25.535,0.033
25.540,0.014
25.545,0.040
25.550,0.039
25.555,0.018
25.560,0.058
25.565,0.033
25.570,0.063
25.575,0.068
25.580,0.038
25.585,0.074
25.590,0.058
25.595,0.104
25.600,0.094
25.605,0.032
25.610,0.081
25.615,0.083
25.620,0.117
25.625,0.123
25.630,0.098
25.635,0.143
25.640,0.116
25.645,0.133
25.650,0.136
25.655,0.104
25.660,0.135
25.665,0.087
25.670,0.064
25.675,0.033
25.680,-0.019
25.685,-0.022
25.690,-0.086
25.695,-0.085
25.700,-0.116
25.705,-0.174
25.710,-0.147
25.715,-0.190
25.720,-0.171
25.725,-0.168
25.730,-0.194
25.735,-0.139
25.740,-0.172
25.745,-0.153
25.750,-0.139
25.755,-0.150
25.760,-0.103
25.765,-0.143
25.770,-0.110
25.775,-0.093
25.780,-0.133
25.785,-0.089
25.790,-0.106
25.795,-0.089
25.800,-0.084
25.805,-0.110
25.810,-0.050
25.815,-0.059
25.820,-0.065
25.825,-0.069
25.830,-0.071
25.835,-0.033
25.840,-0.076
25.845,-0.041
25.850,-0.034
25.855,-0.083
25.860,-0.039
25.865,-0.061
25.870,-0.039
25.875,-0.019
25.880,-0.055
25.885,-0.018
25.890,-0.030
25.895,-0.029
25.900,-0.037
25.905,-0.051
25.910,0.002
25.915,-0.020
25.920,-0.018
25.925,-0.011
25.930,-0.022
25.935,0.015
25.940,-0.016
25.945,0.000
25.950,-0.006
25.955,-0.046
25.960,-0.002
25.965,-0.034
25.970,-0.039
25.975,-0.054
25.980,-0.100
25.985,-0.061
25.990,-0.083
25.995,-0.071
26.000,-0.059
26.005,-0.087
26.010,-0.050
26.015,-0.053
26.020,-0.032
26.025,-0.052
26.030,-0.088
26.035,-0.041
26.040,-0.056
26.045,-0.027
26.050,-0.044
26.055,-0.117
26.060,-0.092
26.065,-0.102
26.070,-0.017
26.075,0.151
26.080,0.345
26.085,0.619
26.090,0.725
26.095,0.684
26.100,0.484
26.105,0.142
26.110,-0.066
26.115,-0.170
26.120,-0.154
26.125,-0.098
26.130,-0.101
26.135,-0.075
26.140,-0.086
26.145,-0.058
26.150,-0.052
26.155,-0.061
26.160,-0.008
26.165,-0.061
26.170,-0.059
26.175,-0.021
26.180,-0.046
26.185,-0.033
26.190,-0.069
26.195,-0.046
26.200,-0.030
26.205,-0.046
26.210,-0.002
26.215,-0.046
26.220,-0.046
26.225,-0.036
26.230,-0.052
26.235,-0.002
26.240,-0.020
26.245,-0.009
26.250,-0.013
26.255,-0.045
26.260,0.000
26.265,-0.013
26.270,0.009
26.275,0.028
26.280,0.020
26.285,0.068
26.290,0.038
26.295,0.061
26.300,0.089
26.305,0.069
26.310,0.135
26.315,0.127
26.320,0.129
26.325,0.142
26.330,0.116
26.335,0.159
26.340,0.141
26.345,0.154
26.350,0.170
26.355,0.139
26.360,0.170
26.365,0.131
26.370,0.113
26.375,0.087
26.380,0.038
26.385,0.043
26.390,-0.042
26.395,-0.057
26.400,-0.049
26.405,-0.086
26.410,-0.058
26.415,-0.104
26.420,-0.100
26.425,-0.084
26.430,-0.130
26.435,-0.101
26.440,-0.106
26.445,-0.082
26.450,-0.085
26.455,-0.126
26.460,-0.078
26.465,-0.106
26.470,-0.092
26.475,-0.062
26.480,-0.089
26.485,-0.062
26.490,-0.101
26.495,-0.089
26.500,-0.068
26.505,-0.108
26.510,-0.066
26.515,-0.083
26.520,-0.078
26.525,-0.062
26.530,-0.090
26.535,-0.055
26.540,-0.085
26.545,-0.068
26.550,-0.051
26.555,-0.081
26.560,-0.029
26.565,-0.040
26.570,-0.021
26.575,-0.028
26.580,-0.084
26.585,-0.033
26.590,-0.027
26.595,-0.007
26.600,-0.004
26.605,-0.029
26.610,0.022
26.615,0.001
26.620,0.028
26.625,0.055
26.630,0.023
26.635,0.059
26.640,0.043
26.645,0.077
26.650,0.083
26.655,0.028
26.660,0.074
26.665,0.050
26.670,0.036
26.675,0.032
26.680,-0.019
26.685,0.011
26.690,-0.005
26.695,0.015
26.700,0.041
26.705,0.009
26.710,0.041
26.715,0.010
26.720,0.011
26.725,0.030
26.730,0.005
26.735,0.044
26.740,0.025
26.745,0.032
26.750,0.002
26.755,-0.094
26.760,-0.072
26.765,-0.066
26.770,0.025
26.775,0.206
26.780,0.406
26.785,0.673
26.790,0.737
26.795,0.646
26.800,0.410
26.805,0.036
26.810,-0.145
26.815,-0.212
26.820,-0.187
26.825,-0.131
26.830,-0.153
26.835,-0.104
26.840,-0.101
26.845,-0.094
26.850,-0.078
26.855,-0.129
26.860,-0.096
26.865,-0.107
26.870,-0.094
26.875,-0.041
26.880,-0.069
26.885,-0.052
26.890,-0.066
26.895,-0.059
26.900,-0.046
26.905,-0.063
26.910,-0.005
26.915,-0.020
26.920,-0.023
26.925,-0.005
26.930,-0.033
26.935,0.000
26.940,-0.018
26.945,-0.007
26.950,0.015
26.955,-0.005
26.960,0.048
26.965,0.035
26.970,0.038
26.975,0.047
26.980,0.005
26.985,0.047
26.990,0.046
26.995,0.071
27.000,0.092
27.005,0.055
27.010,0.107
27.015,0.099
27.020,0.113
27.025,0.140
27.030,0.110
27.035,0.151
27.040,0.116
27.045,0.118
27.050,0.145
27.055,0.096
27.060,0.116
27.065,0.074
27.070,0.039
27.075,0.025
27.080,-0.041
27.085,-0.038
27.090,-0.081
27.095,-0.107
27.100,-0.123
27.105,-0.172
27.110,-0.132
27.115,-0.153
27.120,-0.163
27.125,-0.157
27.130,-0.207
27.135,-0.166
27.140,-0.157
27.145,-0.144
27.150,-0.130
27.155,-0.163
27.160,-0.123
27.165,-0.141
27.170,-0.136
27.175,-0.097
27.180,-0.123
27.185,-0.096
27.190,-0.102
27.195,-0.097
27.200,-0.080
27.205,-0.106
27.210,-0.061
27.215,-0.073
27.220,-0.076
27.225,-0.042
27.230,-0.057
27.235,-0.037
27.240,-0.064
27.245,-0.051
27.250,-0.014
27.255,-0.038
27.260,0.000
27.265,-0.011
27.270,-0.007
27.275,0.023
27.280,-0.006
27.285,0.023
27.290,0.008
27.295,0.018
27.300,0.043
27.305,0.019
27.310,0.075
27.315,0.067
27.320,0.064
27.325,0.082
27.330,0.049
27.335,0.089
27.340,0.072
27.345,0.067
27.350,0.082
27.355,0.025
27.360,0.056
27.365,0.045
27.370,0.024
27.375,0.017
27.380,-0.046
27.385,-0.016
27.390,-0.014
27.395,-0.015
27.400,0.017
27.405,-0.008
27.410,0.009
27.415,-0.018
27.420,-0.027
27.425,0.016
27.430,0.005
27.435,0.025
27.440,0.003
27.445,-0.010
27.450,-0.021
27.455,-0.105
27.460,-0.124
27.465,-0.069
27.470,0.207
27.475,0.577
27.480,0.771
27.485,0.835
27.490,0.676
27.495,0.378
27.500,0.009
27.505,-0.278
27.510,-0.271
27.515,-0.222
27.520,-0.176
27.525,-0.149
27.530,-0.162
27.535,-0.087
27.540,-0.100
27.545,-0.110
27.550,-0.082
27.555,-0.112
27.560,-0.058
27.565,-0.055
27.570,-0.070
27.575,-0.064
27.580,-0.098
27.585,-0.070
27.590,-0.085
27.595,-0.100
27.600,-0.135
27.605,-0.174
27.610,-0.022
27.615,0.059
27.620,0.040
27.625,0.035
27.630,-0.007
27.635,0.026
27.640,-0.049
27.645,-0.126
27.650,-0.006
27.655,0.076
27.660,0.110
27.665,0.058
27.670,0.014
27.675,0.084
27.680,0.083
27.685,0.073
27.690,0.083
27.695,0.118
27.700,0.127
27.705,0.076
27.710,0.115
27.715,0.117
27.720,0.145
27.725,0.187
27.730,0.094
27.735,0.075
27.740,0.099
27.745,0.140
27.750,0.159
27.755,0.089
27.760,0.094
27.765,0.065
27.770,-0.050
27.775,-0.130
27.780,-0.097
27.785,0.006
27.790,-0.035
27.795,-0.092
27.800,-0.083
27.805,-0.101
27.810,-0.106
27.815,-0.175
27.820,-0.155
27.825,-0.104
27.830,-0.176
27.835,-0.136
27.840,-0.112
27.845,-0.101
27.850,-0.081
27.855,-0.113
27.860,-0.032
27.865,-0.041
27.870,-0.091
27.875,-0.086
27.880,-0.137
27.885,-0.102
27.890,-0.104
27.895,-0.096
27.900,0.005
27.905,-0.009
27.910,-0.067
27.915,-0.140
27.920,-0.165
27.925,-0.129
27.930,-0.083
27.935,0.019
27.940,0.049
27.945,0.096
27.950,0.100
27.955,0.017
27.960,0.062
27.965,0.035
27.970,0.002
27.975,0.003
27.980,-0.154
27.985,-0.195
27.990,-0.055
27.995,0.116
28.000,0.140
28.005,-0.001
28.010,-0.050
28.015,-0.056
28.020,-0.011
28.025,0.031
28.030,0.011
28.035,0.070
28.040,0.016
28.045,-0.096
28.050,-0.086
28.055,0.017
28.060,0.152
28.065,0.135
28.070,0.063
28.075,-0.006
28.080,-0.098
28.085,-0.031
28.090,0.047
28.095,0.091
28.100,0.061
28.105,-0.105
28.110,-0.098
28.115,-0.038
28.120,0.010
28.125,0.070
28.130,0.003
28.135,-0.045
28.140,-0.137
28.145,-0.144
28.150,-0.068
28.155,-0.068
28.160,0.078
28.165,0.115
28.170,0.026
28.175,0.066
28.180,0.175
28.185,0.387
28.190,0.541
28.195,0.612
28.200,0.588
28.205,0.377
28.210,0.156
28.215,0.004
28.220,-0.026
28.225,-0.034
28.230,-0.112
28.235,-0.113
28.240,-0.100
28.245,-0.091
28.250,-0.113
28.255,-0.146
28.260,-0.018
28.265,0.041
28.270,-0.061
28.275,-0.260
28.280,-0.360
28.285,-0.068
28.290,0.154
28.295,0.166
28.300,0.174
28.305,0.092
28.310,0.095
28.315,0.073
28.320,-0.004
28.325,0.008
28.330,-0.047
28.335,-0.108
28.340,-0.076
28.345,0.062
28.350,0.129
28.355,0.044
28.360,0.017
28.365,-0.021
28.370,-0.048
28.375,-0.045
28.380,-0.084
28.385,-0.029
28.390,-0.007
28.395,0.012
28.400,0.112
28.405,0.173
28.410,0.246
28.415,0.183
28.420,0.112
28.425,0.142
28.430,0.086
28.435,0.110
28.440,0.104
28.445,0.009
28.450,-0.080
28.455,-0.180
28.460,-0.092
28.465,0.101
28.470,0.241
28.475,0.237
28.480,0.097
28.485,0.032
28.490,-0.044
28.495,-0.094
28.500,-0.068
28.505,-0.088
28.510,-0.106
28.515,-0.212
28.520,-0.242
28.525,-0.184
28.530,-0.228
28.535,-0.168
28.540,-0.155
28.545,-0.145
28.550,-0.020
28.555,-0.022
28.560,-0.027
28.565,-0.101
28.570,-0.209
28.575,-0.150
28.580,-0.119
28.585,-0.152
28.590,-0.167
28.595,-0.114
28.600,-0.092
28.605,-0.087
28.610,0.066
28.615,0.052
28.620,-0.077
28.625,-0.085
28.630,-0.068
28.635,0.014
28.640,-0.046
28.645,-0.129
28.650,-0.027
28.655,0.006
28.660,-0.003
28.665,-0.083
28.670,-0.196
28.675,-0.168
28.680,-0.043
28.685,0.124
28.690,0.144
28.695,0.083
28.700,0.061
28.705,0.042
28.710,0.053
28.715,-0.026
28.720,0.001
28.725,0.071
28.730,-0.076
28.735,-0.080
28.740,0.050
28.745,0.124
28.750,0.132
28.755,0.021
28.760,0.058
28.765,0.107
28.770,0.028
28.775,0.015
28.780,0.000
28.785,0.003
28.790,-0.064
28.795,-0.059
28.800,0.076
28.805,0.046
28.810,-0.020
28.815,-0.078
28.820,-0.042
28.825,-0.005
28.830,-0.150
28.835,-0.106
28.840,0.027
28.845,0.088
28.850,0.072
28.855,-0.083
28.860,0.009
28.865,0.066
28.870,-0.070
28.875,-0.058
28.880,-0.079
28.885,-0.005
28.890,0.241
28.895,0.507
28.900,0.690
28.905,0.589
28.910,0.421
28.915,0.279
28.920,0.094
28.925,-0.057
28.930,-0.207
28.935,-0.205
28.940,-0.147
28.945,-0.178
28.950,-0.187
28.955,-0.142
28.960,-0.041
28.965,-0.090
28.970,-0.154
28.975,-0.138
28.980,-0.130
28.985,0.023
28.990,0.025
28.995,-0.090
29.000,-0.058
29.005,-0.037
29.010,-0.020
29.015,-0.079
29.020,-0.081
29.025,0.055
29.030,0.046
29.035,-0.021
29.040,-0.129
29.045,-0.197
29.050,-0.079
29.055,0.000
29.060,0.027
29.065,-0.014
29.070,-0.054
29.075,0.006
29.080,0.031
29.085,0.059
29.090,0.062
29.095,0.111
29.100,0.140
29.105,0.036
29.110,0.060
29.115,0.055
29.120,-0.012
29.125,0.024
29.130,0.015
29.135,0.027
29.140,0.014
29.145,0.050
29.150,0.203
29.155,0.177
29.160,0.138
29.165,0.169
29.170,0.162
29.175,0.155
29.180,0.074
29.185,0.050
29.190,0.013
29.195,-0.104
29.200,-0.154
29.205,-0.150
29.210,-0.047
29.215,-0.006
29.220,-0.037
29.225,-0.042
29.230,-0.116
29.235,-0.101
29.240,-0.091
29.245,-0.131
29.250,-0.123
29.255,-0.183
29.260,-0.167
29.265,-0.128
29.270,-0.087
29.275,0.012
29.280,-0.020
29.285,-0.037
29.290,-0.055
29.295,-0.085
29.300,-0.043
29.305,-0.069
29.310,-0.046
29.315,-0.037
29.320,-0.072
29.325,-0.084
29.330,-0.181
29.335,-0.112
29.340,0.026
29.345,0.049
29.350,0.022
29.355,-0.131
29.360,-0.188
29.365,-0.134
29.370,0.011
29.375,0.126
29.380,0.039
29.385,0.044
29.390,0.030
29.395,0.013
29.400,0.070
29.405,0.000
29.410,0.029
29.415,0.022
29.420,-0.068
29.425,0.012
29.430,0.003
29.435,-0.043
29.440,-0.038
29.445,0.008
29.450,0.114
29.455,0.061
29.460,0.026
29.465,-0.026
29.470,-0.097
29.475,0.035
29.480,0.075
29.485,0.017
29.490,-0.031
29.495,-0.078
29.500,0.004
29.505,0.050
29.510,0.050
29.515,0.058
29.520,0.043
29.525,0.060
29.530,0.024
29.535,-0.012
29.540,-0.066
29.545,-0.095
29.550,-0.043
29.555,-0.039
29.560,0.053
29.565,0.113
29.570,0.075
29.575,0.060
29.580,-0.069
29.585,-0.123
29.590,-0.070
29.595,-0.024
29.600,0.114
29.605,0.287
29.610,0.491
29.615,0.579
29.620,0.550
29.625,0.504
29.630,0.271
29.635,-0.026
29.640,-0.263
29.645,-0.295
29.650,-0.092
29.655,-0.007
29.660,-0.011
29.665,-0.040
29.670,-0.090
29.675,-0.089
29.680,-0.124
29.685,-0.081
29.690,-0.046
29.695,-0.073
29.700,-0.028
29.705,-0.050
29.710,-0.054
29.715,-0.056
29.720,-0.096
29.725,-0.061
29.730,-0.069
29.735,-0.053
29.740,-0.053
29.745,-0.095
29.750,-0.056
29.755,0.001
29.760,0.087
29.765,0.056
29.770,-0.051
29.775,-0.072
29.780,-0.084
29.785,0.022
29.790,0.087
29.795,0.046
29.800,0.043
29.805,-0.057
29.810,-0.059
29.815,0.040
29.820,0.063
29.825,0.114
29.830,0.096
29.835,0.089
29.840,0.107
29.845,0.080
29.850,0.076
29.855,0.012
29.860,0.006
29.865,0.087
29.870,0.191
29.875,0.255
29.880,0.141
29.885,0.050
29.890,0.063
29.895,0.067
29.900,0.009
29.905,-0.081
29.910,-0.001
29.915,0.045
29.920,-0.110
29.925,-0.213
29.930,-0.173
29.935,-0.033
29.940,-0.041
29.945,-0.166
29.950,-0.214
29.955,-0.227
29.960,-0.095
29.965,-0.030
29.970,-0.089
29.975,-0.088
29.980,-0.147
29.985,-0.088
29.990,-0.016
29.995,-0.099
30.000,-0.135
30.005,-0.160
30.010,-0.106
30.015,-0.039
30.020,-0.035
30.025,-0.016
30.030,-0.060
30.035,-0.041
30.040,-0.015
30.045,-0.074
30.050,-0.112
30.055,-0.158
30.060,-0.066
30.065,0.054
30.070,0.053
30.075,0.029
30.080,-0.081
30.085,-0.073
30.090,0.013
30.095,-0.015
30.100,0.004
30.105,0.038
30.110,0.066
30.115,0.039
30.120,-0.037
30.125,-0.035
30.130,-0.055
30.135,-0.024
30.140,-0.013
30.145,-0.056
30.150,-0.012
30.155,-0.006
30.160,0.069
30.165,0.126
30.170,0.058
30.175,0.055
30.180,0.015
30.185,0.012
30.190,0.059
30.195,0.045
30.200,0.071
30.205,0.072
30.210,0.074
30.215,0.059
30.220,0.026
30.225,0.055
30.230,0.007
30.235,0.004
30.240,0.020
30.245,-0.025
30.250,-0.001
30.255,-0.048
30.260,-0.041
30.265,0.027
30.270,0.021
30.275,0.050
30.280,0.012
30.285,-0.011
30.290,0.004
30.295,0.013
30.300,0.057
30.305,0.000
30.310,-0.032
30.315,-0.058
30.320,-0.099
30.325,0.001
30.330,0.085
30.335,0.229
30.340,0.440
30.345,0.580
30.350,0.666
30.355,0.551
30.360,0.290
30.365,-0.001
30.370,-0.192
30.375,-0.176
30.380,-0.164
30.385,-0.143
30.390,-0.129
30.395,-0.127
30.400,-0.052
30.405,-0.081
30.410,-0.103
30.415,-0.105
30.420,-0.135
30.425,-0.060
30.430,-0.063
30.435,-0.084
30.440,-0.070
30.445,-0.077
30.450,-0.030
30.455,-0.057
30.460,-0.062
30.465,-0.050
30.470,-0.089
30.475,-0.054
30.480,-0.072
30.485,-0.071
30.490,-0.062
30.495,-0.097
30.500,-0.022
30.505,-0.015
30.510,-0.039
30.515,-0.024
30.520,-0.045
30.525,-0.037
30.530,-0.070
30.535,-0.004
30.540,0.097
30.545,0.039
30.550,-0.050
30.555,-0.137
30.560,-0.019
30.565,0.158
30.570,0.165
30.575,0.179
30.580,0.133
30.585,0.125
30.590,0.139
30.595,0.086
30.600,0.116
30.605,0.104
30.610,0.101
30.615,0.095
30.620,0.051
30.625,0.102
30.630,0.032
30.635,-0.061
30.640,-0.080
30.645,-0.134
30.650,-0.105
30.655,-0.112
30.660,-0.087
30.665,-0.033
30.670,-0.090
30.675,-0.109
30.680,-0.143
30.685,-0.141
30.690,-0.128
30.695,-0.172
30.700,-0.134
30.705,-0.118
30.710,-0.091
30.715,-0.071
30.720,-0.082
30.725,-0.041
30.730,-0.138
30.735,-0.224
30.740,-0.181
30.745,-0.095
30.750,0.026
30.755,-0.004
30.760,-0.032
30.765,-0.019
30.770,-0.068
30.775,-0.045
30.780,-0.073
30.785,-0.048
30.790,0.024
30.795,0.004
30.800,0.035
30.805,0.021
30.810,0.036
30.815,0.076
30.820,0.038
30.825,0.048
30.830,0.002
30.835,0.007
30.840,0.064
30.845,0.047
30.850,0.068
30.855,0.015
30.860,-0.036
30.865,-0.039
30.870,-0.071
30.875,-0.011
30.880,0.029
30.885,0.088
30.890,0.157
30.895,0.136
30.900,0.134
30.905,0.054
30.910,0.044
30.915,0.090
30.920,0.060
30.925,0.075
30.930,0.024
30.935,0.045
30.940,0.140
30.945,0.093
30.950,0.033
30.955,0.037
30.960,0.177
30.965,0.252
30.970,0.114
30.975,0.019
30.980,-0.043
30.985,-0.030
30.990,0.006
30.995,-0.044
31.000,-0.009
31.005,-0.002
31.010,-0.019
31.015,-0.010
31.020,-0.031
31.025,0.034
31.030,0.041
31.035,0.026
31.040,0.021
31.045,-0.044
31.050,0.028
31.055,0.034
31.060,-0.042
31.065,-0.051
31.070,-0.050
31.075,0.081
31.080,0.194
31.085,0.342
31.090,0.600
31.095,0.743
31.100,0.700
31.105,0.357
31.110,-0.047
31.115,-0.246
31.120,-0.309
31.125,-0.185
31.130,-0.096
31.135,-0.111
31.140,-0.121
31.145,-0.158
31.150,-0.114
31.155,-0.085
31.160,-0.046
31.165,0.012
31.170,-0.017
31.175,-0.036
31.180,-0.131
31.185,-0.168
31.190,-0.112
31.195,-0.134
31.200,-0.095
31.205,-0.070
31.210,-0.081
31.215,-0.096
31.220,-0.124
31.225,-0.057
31.230,-0.048
31.235,-0.013
31.240,0.042
31.245,-0.022
31.250,-0.026
31.255,-0.093
31.260,-0.134
31.265,-0.034
31.270,0.020
31.275,0.134
31.280,0.116
31.285,-0.109
31.290,-0.211
31.295,-0.047
31.300,0.245
31.305,0.306
31.310,0.219
31.315,0.100
31.320,-0.019
31.325,-0.019
31.330,-0.037
31.335,0.053
31.340,0.186
31.345,0.161
31.350,0.190
31.355,0.197
31.360,0.167
31.365,0.161
31.370,0.100
31.375,0.075
31.380,-0.076
31.385,-0.181
31.390,-0.070
31.395,-0.047
31.400,-0.098
31.405,-0.166
31.410,-0.130
31.415,-0.028
31.420,-0.066
31.425,-0.115
31.430,-0.151
31.435,-0.104
31.440,-0.084
31.445,-0.173
31.450,-0.131
31.455,-0.123
31.460,-0.123
31.465,-0.108
31.470,-0.212
31.475,-0.154
31.480,-0.055
31.485,-0.017
31.490,0.039
31.495,0.001
31.500,-0.007
31.505,-0.015
31.510,-0.040
31.515,-0.044
31.520,-0.046
31.525,0.014
31.530,-0.024
31.535,-0.081
31.540,-0.083
31.545,-0.112
31.550,-0.053
31.555,-0.042
31.560,-0.048
31.565,-0.028
31.570,-0.090
31.575,-0.084
31.580,-0.080
31.585,-0.054
31.590,0.032
31.595,0.044
31.600,0.035
31.605,-0.072
31.610,-0.141
31.615,-0.102
31.620,-0.095
31.625,-0.021
31.630,-0.012
31.635,-0.024
31.640,0.008
31.645,-0.025
31.650,0.026
31.655,0.037
31.660,0.020
31.665,0.035
31.670,-0.010
31.675,0.033
31.680,0.048
31.685,0.042
31.690,0.088
31.695,0.058
31.700,0.071
31.705,0.052
31.710,0.016
31.715,0.037
31.720,0.006
31.725,0.010
31.730,-0.030
31.735,-0.034
31.740,0.023
31.745,-0.023
31.750,-0.005
31.755,0.011
31.760,0.017
31.765,0.029
31.770,-0.025
31.775,0.033
31.780,0.045
31.785,0.024
31.790,0.045
31.795,-0.004
31.800,0.010
31.805,-0.040
31.810,-0.060
31.815,0.017
31.820,0.043
31.825,0.238
31.830,0.468
31.835,0.636
31.840,0.738
31.845,0.610
31.850,0.386
31.855,0.048
31.860,-0.188
31.865,-0.197
31.870,-0.197
31.875,-0.130
31.880,-0.132
31.885,-0.136
31.890,-0.062
31.895,-0.104
31.900,-0.091
31.905,-0.067
31.910,-0.092
31.915,-0.077
31.920,-0.070
31.925,-0.014
31.930,-0.040
31.935,-0.092
31.940,-0.063
31.945,-0.081
31.950,-0.066
31.955,-0.078
31.960,-0.084
31.965,-0.041
31.970,-0.074
31.975,-0.043
31.980,-0.033
31.985,-0.054
31.990,0.001
31.995,-0.031
32.000,-0.020
32.005,0.014
32.010,-0.002
32.015,0.026
32.020,-0.010
32.025,-0.013
32.030,0.019
32.035,0.031
32.040,0.059
32.045,0.032
32.050,0.066
32.055,0.089
32.060,0.084
32.065,0.106
32.070,0.094
32.075,0.161
32.080,0.165
32.085,0.148
32.090,0.197
32.095,0.159
32.100,0.159
32.105,0.146
32.110,0.146
32.115,0.169
32.120,0.089
32.125,0.079
32.130,0.033
32.135,-0.035
32.140,-0.013
32.145,-0.044
32.150,-0.031
32.155,-0.066
32.160,-0.125
32.165,-0.098
32.170,-0.129
32.175,-0.105
32.180,-0.093
32.185,-0.108
32.190,-0.088
32.195,-0.133
32.200,-0.099
32.205,-0.089
32.210,-0.118
32.215,-0.097
32.220,-0.109
32.225,-0.059
32.230,-0.062
32.235,-0.102
32.240,-0.080
32.245,-0.116
32.250,-0.083
32.255,-0.075
32.260,-0.098
32.265,-0.065
32.270,-0.098
32.275,-0.061
32.280,-0.060
32.285,-0.093
32.290,-0.049
32.295,-0.067
32.300,-0.039
32.305,-0.048
32.310,-0.089
32.315,-0.053
32.320,-0.064
32.325,-0.020
32.330,-0.024
32.335,-0.055
32.340,-0.007
32.345,-0.033
32.350,-0.015
32.355,-0.014
32.360,-0.039
32.365,0.003
32.370,-0.012
32.375,0.016
32.380,0.022
32.385,0.004
32.390,0.051
32.395,0.029
32.400,0.050
32.405,0.059
32.410,0.049
32.415,0.094
32.420,0.065
32.425,0.097
32.430,0.116
32.435,0.083
32.440,0.110
32.445,0.077
32.450,0.084
32.455,0.089
32.460,0.059
32.465,0.070
32.470,0.027
32.475,0.042
32.480,0.038
32.485,0.011
32.490,0.049
32.495,0.020
32.500,0.037
32.505,0.037
32.510,0.009
32.515,0.040
32.520,0.003
32.525,0.008
32.530,-0.001
32.535,-0.035
32.540,-0.012
32.545,-0.070
32.550,-0.083
32.555,-0.070
32.560,-0.015
32.565,0.173
32.570,0.330
32.575,0.523
32.580,0.608
32.585,0.489
32.590,0.280
32.595,-0.049
32.600,-0.209
32.605,-0.219
32.610,-0.216
32.615,-0.152
32.620,-0.167
32.625,-0.116
32.630,-0.087
32.635,-0.142
32.640,-0.116
32.645,-0.137
32.650,-0.121
32.655,-0.107
32.660,-0.125
32.665,-0.080
32.670,-0.098
32.675,-0.078
32.680,-0.070
32.685,-0.092
32.690,-0.054
32.695,-0.086
32.700,-0.064
32.705,-0.043
32.710,-0.071
32.715,-0.039
32.720,-0.058
32.725,-0.030
32.730,-0.021
32.735,-0.053
32.740,-0.005
32.745,-0.009
32.750,-0.001
32.755,-0.018
32.760,-0.037
32.765,0.006
32.770,-0.006
32.775,0.036
32.780,0.046
32.785,0.025
32.790,0.071
32.795,0.038
32.800,0.057
32.805,0.083
32.810,0.073
32.815,0.116
32.820,0.089
32.825,0.104
32.830,0.109
32.835,0.082
32.840,0.128
32.845,0.093
32.850,0.085
32.855,0.076
32.860,0.024
32.865,0.026
32.870,-0.040
32.875,-0.063
32.880,-0.082
32.885,-0.136
32.890,-0.115
32.895,-0.160
32.900,-0.173
32.905,-0.170
32.910,-0.189
32.915,-0.142
32.920,-0.167
32.925,-0.162
32.930,-0.149
32.935,-0.168
32.940,-0.123
32.945,-0.144
32.950,-0.128
32.955,-0.106
32.960,-0.118
32.965,-0.077
32.970,-0.109
32.975,-0.089
32.980,-0.068
32.985,-0.093
32.990,-0.047
32.995,-0.064
33.000,-0.039
33.005,-0.019
33.010,-0.058
33.015,-0.023
33.020,-0.032
33.025,-0.008
33.030,0.003
33.035,-0.027
33.040,0.024
33.045,0.005
33.050,0.012
33.055,0.041
33.060,0.021
33.065,0.042
33.070,0.011
33.075,0.030
33.080,0.051
33.085,0.023
33.090,0.066
33.095,0.038
33.100,0.033
33.105,0.047
33.110,0.020
33.115,0.051
33.120,0.035
33.125,0.054
33.130,0.068
33.135,0.042
33.140,0.076
33.145,0.047
33.150,0.061
33.155,0.083
33.160,0.059
33.165,0.095
33.170,0.070
33.175,0.083
33.180,0.088
33.185,0.048
33.190,0.076
33.195,0.043
33.200,0.049
33.205,0.046
33.210,-0.018
33.215,-0.002
33.220,-0.019
33.225,0.001
33.230,0.011
33.235,-0.023
33.240,0.025
33.245,0.013
33.250,0.018
33.255,0.036
33.260,0.013
33.265,0.045
33.270,0.010
33.275,0.007
33.280,-0.004
33.285,-0.076
33.290,-0.046
33.295,-0.027
33.300,0.086
33.305,0.290
33.310,0.485
33.315,0.699
33.320,0.708
33.325,0.587
33.330,0.334
33.335,-0.016
33.340,-0.155
33.345,-0.193
33.350,-0.150
33.355,-0.106
33.360,-0.134
33.365,-0.085
33.370,-0.092
33.375,-0.095
33.380,-0.074
33.385,-0.084
33.390,-0.054
33.395,-0.089
33.400,-0.078
33.405,-0.044
33.410,-0.068
33.415,-0.047
33.420,-0.067
33.425,-0.052
33.430,-0.043
33.435,-0.069
33.440,-0.017
33.445,-0.038
33.450,-0.036
33.455,-0.014
33.460,-0.041
33.465,-0.004
33.470,-0.023
33.475,-0.014
33.480,0.009
33.485,-0.022
33.490,0.013
33.495,-0.006
33.500,0.005
33.505,0.038
33.510,0.016
33.515,0.057
33.520,0.048
33.525,0.062
33.530,0.080
33.535,0.056
33.540,0.120
33.545,0.118
33.550,0.114
33.555,0.135
33.560,0.115
33.565,0.151
33.570,0.138
33.575,0.146
33.580,0.161
33.585,0.115
33.590,0.127
33.595,0.077
33.600,0.040
33.605,0.023
33.610,-0.044
33.615,-0.040
33.620,-0.087
33.625,-0.113
33.630,-0.118
33.635,-0.163
33.640,-0.129
33.645,-0.154
33.650,-0.167
33.655,-0.149
33.660,-0.172
33.665,-0.134
33.670,-0.150
33.675,-0.137
33.680,-0.111
33.685,-0.138
33.690,-0.097
33.695,-0.115
33.700,-0.107
33.705,-0.077
33.710,-0.115
33.715,-0.082
33.720,-0.087
33.725,-0.077
33.730,-0.061
33.735,-0.097
33.740,-0.056
33.745,-0.066
33.750,-0.071
33.755,-0.049
33.760,-0.073
33.765,-0.036
33.770,-0.045
33.775,-0.037
33.780,-0.028
33.785,-0.068
33.790,-0.021
33.795,-0.027
33.800,-0.032
33.805,-0.010
33.810,-0.038
33.815,-0.002
33.820,-0.015
33.825,-0.015
33.830,0.008
33.835,-0.018
33.840,0.021
33.845,-0.003
33.850,-0.009
33.855,0.021
33.860,-0.003
33.865,0.032
33.870,0.023
33.875,0.035
33.880,0.070
33.885,0.043
33.890,0.068
33.895,0.049
33.900,0.052
33.905,0.075
33.910,0.038
33.915,0.054
33.920,0.030
33.925,0.031
33.930,0.033
33.935,-0.030
33.940,-0.001
33.945,-0.009
33.950,-0.010
33.955,0.018
33.960,-0.010
33.965,0.018
33.970,-0.004
33.975,-0.011
33.980,0.009
33.985,-0.018
33.990,0.027
33.995,0.012
34.000,-0.001
34.005,0.008
34.010,-0.055
34.015,-0.054
34.020,-0.072
34.025,-0.031
34.030,0.119
34.035,0.292
34.040,0.564
34.045,0.715
34.050,0.694
34.055,0.546
34.060,0.220
34.065,-0.045
34.070,-0.189
34.075,-0.203
34.080,-0.149
34.085,-0.155
34.090,-0.122
34.095,-0.116
34.100,-0.104
34.105,-0.086
34.110,-0.118
34.115,-0.078
34.120,-0.091
34.125,-0.096
34.130,-0.068
34.135,-0.096
34.140,-0.058
34.145,-0.066
34.150,-0.068
34.155,-0.039
34.160,-0.069
34.165,-0.031
34.170,-0.040
34.175,-0.043
34.180,-0.019
34.185,-0.046
34.190,-0.001
34.195,-0.008
34.200,-0.008
34.205,0.017
34.210,-0.027
34.215,0.007
34.220,0.005
34.225,0.010
34.230,0.048
34.235,0.017
34.240,0.058
34.245,0.059
34.250,0.053
34.255,0.089
34.260,0.071
34.265,0.108
34.270,0.109
34.275,0.111
34.280,0.134
34.285,0.111
34.290,0.157
34.295,0.147
34.300,0.136
34.305,0.160
34.310,0.123
34.315,0.135
34.320,0.100
34.325,0.072
34.330,0.061
34.335,-0.017
34.340,-0.018
34.345,-0.063
34.350,-0.105
34.355,-0.101
34.360,-0.151
34.365,-0.134
34.370,-0.160
34.375,-0.178
34.380,-0.149
34.385,-0.180
34.390,-0.137
34.395,-0.142
34.400,-0.162
34.405,-0.131
34.410,-0.158
34.415,-0.124
34.420,-0.119
34.425,-0.124
34.430,-0.102
34.435,-0.127
34.440,-0.081
34.445,-0.088
34.450,-0.100
34.455,-0.067
34.460,-0.089
34.465,-0.050
34.470,-0.060
34.475,-0.076
34.480,-0.052
34.485,-0.075
34.490,-0.027
34.495,-0.039
34.500,-0.051
34.505,-0.014
34.510,-0.043
34.515,-0.014
34.520,-0.023
34.525,-0.023
34.530,0.006
34.535,-0.035
34.540,0.001
34.545,-0.005
34.550,-0.017
34.555,0.019
34.560,-0.011
34.565,0.020
34.570,0.009
34.575,-0.002
34.580,0.029
34.585,-0.005
34.590,0.024
34.595,0.016
34.600,0.015
34.605,0.058
34.610,0.024
34.615,0.047
34.620,0.046
34.625,0.052
34.630,0.086
34.635,0.047
34.640,0.074
34.645,0.064
34.650,0.045
34.655,0.069
34.660,0.031
34.665,0.047
34.670,0.020
34.675,-0.013
34.680,0.002
34.685,-0.036
34.690,0.000
34.695,-0.007
34.700,-0.028
34.705,0.012
34.710,-0.007
34.715,0.011
34.720,-0.013
34.725,-0.029
34.730,0.013
34.735,-0.010
34.740,0.011
34.745,-0.017
34.750,-0.063
34.755,-0.061
34.760,-0.100
34.765,-0.046
34.770,0.052
34.775,0.236
34.780,0.497
34.785,0.662
34.790,0.744
34.795,0.601
34.800,0.319
34.805,0.032
34.810,-0.193
34.815,-0.192
34.820,-0.166
34.825,-0.147
34.830,-0.120
34.835,-0.147
34.840,-0.090
34.845,-0.096
34.850,-0.116
34.855,-0.065
34.860,-0.094
34.865,-0.075
34.870,-0.071
34.875,-0.084
34.880,-0.057
34.885,-0.081
34.890,-0.042
34.895,-0.053
34.900,-0.076
34.905,-0.036
34.910,-0.062
34.915,-0.036
34.920,-0.035
34.925,-0.039
34.930,-0.006
34.935,-0.039
34.940,-0.008
34.945,-0.009
34.950,-0.022
34.955,0.019
34.960,-0.004
34.965,0.021
34.970,0.020
34.975,0.010
34.980,0.042
34.985,0.018
34.990,0.060
34.995,0.064
35.000,0.054
35.005,0.105
35.010,0.084
35.015,0.109
35.020,0.113
35.025,0.114
35.030,0.164
35.035,0.137
35.040,0.166
35.045,0.158
35.050,0.126
35.055,0.154
35.060,0.114
35.065,0.112
35.070,0.065
35.075,0.007
35.080,0.006
35.085,-0.061
35.090,-0.064
35.095,-0.098
35.100,-0.136
35.105,-0.114
35.110,-0.163
35.115,-0.148
35.120,-0.152
35.125,-0.164
35.130,-0.126
35.135,-0.162
35.140,-0.130
35.145,-0.131
35.150,-0.153
35.155,-0.107
35.160,-0.132
35.165,-0.104
35.170,-0.095
35.175,-0.116
35.180,-0.087
35.185,-0.104
35.190,-0.071
35.195,-0.076
35.200,-0.094
35.205,-0.056
35.210,-0.079
35.215,-0.056
35.220,-0.062
35.225,-0.073
35.230,-0.033
35.235,-0.063
35.240,-0.034
35.245,-0.030
35.250,-0.047
35.255,-0.007
35.260,-0.038
35.265,-0.017
35.270,-0.014
35.275,-0.033
35.280,0.000
35.285,-0.029
35.290,-0.003
35.295,0.000
35.300,-0.012
35.305,0.030
35.310,-0.006
35.315,0.006
35.320,0.006
35.325,-0.006
35.330,0.027
35.335,-0.003
35.340,0.017
35.345,0.010
35.350,-0.002
35.355,0.051
35.360,0.028
35.365,0.043
35.370,0.042
35.375,0.037
35.380,0.077
35.385,0.040
35.390,0.070
35.395,0.078
35.400,0.050
35.405,0.075
35.410,0.035
35.415,0.054
35.420,0.045
35.425,-0.002
35.430,0.008
35.435,-0.029
35.440,-0.004
35.445,-0.001
35.450,-0.025
35.455,0.018
35.460,-0.004
35.465,0.012
35.470,0.018
35.475,0.001
35.480,0.026
35.485,-0.009
35.490,0.015
35.495,0.022
35.500,-0.012
35.505,-0.022
35.510,-0.091
35.515,-0.069
35.520,-0.012
35.525,0.106
35.530,0.354
35.535,0.560
35.540,0.729
35.545,0.697
35.550,0.486
35.555,0.222
35.560,-0.093
35.565,-0.194
35.570,-0.186
35.575,-0.163
35.580,-0.105
35.585,-0.143
35.590,-0.095
35.595,-0.077
35.600,-0.118
35.605,-0.067
35.610,-0.083
35.615,-0.075
35.620,-0.067
35.625,-0.075
35.630,-0.036
35.635,-0.070
35.640,-0.044
35.645,-0.034
35.650,-0.063
35.655,-0.022
35.660,-0.046
35.665,-0.033
35.670,-0.026
35.675,-0.043
35.680,-0.002
35.685,-0.030
35.690,-0.015
35.695,-0.011
35.700,-0.031
35.705,0.017
35.710,-0.005
35.715,0.011
35.720,0.022
35.725,0.003
35.730,0.041
35.735,0.022
35.740,0.044
35.745,0.051
35.750,0.040
35.755,0.093
35.760,0.069
35.765,0.089
35.770,0.109
35.775,0.103
35.780,0.136
35.785,0.099
35.790,0.129
35.795,0.136
35.800,0.104
35.805,0.143
35.810,0.105
35.815,0.100
35.820,0.076
35.825,0.008
35.830,0.004
35.835,-0.055
35.840,-0.065
35.845,-0.086
35.850,-0.136
35.855,-0.117
35.860,-0.166
35.865,-0.157
35.870,-0.149
35.875,-0.181
35.880,-0.147
35.885,-0.170
35.890,-0.141
35.895,-0.124
35.900,-0.146
35.905,-0.101
35.910,-0.131
35.915,-0.123
35.920,-0.103
35.925,-0.119
35.930,-0.086
35.935,-0.118
35.940,-0.091
35.945,-0.068
35.950,-0.087
35.955,-0.043
35.960,-0.073
35.965,-0.067
35.970,-0.056
35.975,-0.069
35.980,-0.027
35.985,-0.060
35.990,-0.041
35.995,-0.022
36.000,-0.046
36.005,-0.005
36.010,-0.033
36.015,-0.014
36.020,0.005
36.025,-0.023
36.030,0.013
36.035,-0.009
36.040,0.005
36.045,0.009
36.050,-0.014
36.055,0.034
36.060,0.004
36.065,0.002
36.070,0.013
36.075,0.001
36.080,0.040
36.085,0.002
36.090,0.017
36.095,0.029
36.100,-0.007
36.105,0.033
36.110,0.004
36.115,0.019
36.120,0.043
36.125,0.023
36.130,0.066
36.135,0.045
36.140,0.060
36.145,0.071
36.150,0.046
36.155,0.088
36.160,0.052
36.165,0.051
36.170,0.058
36.175,0.022
36.180,0.043
36.185,0.002
36.190,0.002
36.195,0.006
36.200,-0.022
36.205,0.024
36.210,-0.004
36.215,0.001
36.220,0.021
36.225,-0.001
36.230,0.031
36.235,-0.009
36.240,-0.001
36.245,0.023
36.250,-0.002
36.255,0.026
36.260,-0.025
36.265,-0.052
36.270,-0.056
36.275,-0.067
36.280,0.038
36.285,0.161
36.290,0.379
36.295,0.584
36.300,0.630
36.305,0.590
36.310,0.348
36.315,0.056
36.320,-0.127
36.325,-0.203
36.330,-0.154
36.335,-0.137
36.340,-0.118
36.345,-0.097
36.350,-0.102
36.355,-0.069
36.360,-0.101
36.365,-0.082
36.370,-0.058
36.375,-0.080
36.380,-0.040
36.385,-0.070
36.390,-0.062
36.395,-0.041
36.400,-0.071
36.405,-0.029
36.410,-0.047
36.415,-0.036
36.420,-0.012
36.425,-0.041
36.430,-0.008
36.435,-0.034
36.440,-0.025
36.445,-0.005
36.450,-0.032
36.455,0.011
36.460,-0.017
36.465,-0.011
36.470,0.022
36.475,0.002
36.480,0.041
36.485,0.021
36.490,0.031
36.495,0.051
36.500,0.022
36.505,0.070
36.510,0.059
36.515,0.072
36.520,0.099
36.525,0.077
36.530,0.123
36.535,0.103
36.540,0.107
36.545,0.125
36.550,0.098
36.555,0.148
36.560,0.126
36.565,0.116
36.570,0.121
36.575,0.061
36.580,0.062
36.585,0.013
36.590,-0.014
36.595,-0.032
36.600,-0.094
36.605,-0.081
36.610,-0.123
36.615,-0.140
36.620,-0.131
36.625,-0.164
36.630,-0.135
36.635,-0.155
36.640,-0.140
36.645,-0.123
36.650,-0.162
36.655,-0.125
36.660,-0.145
36.665,-0.137
36.670,-0.105
36.675,-0.124
36.680,-0.088
36.685,-0.108
36.690,-0.097
36.695,-0.083
36.700,-0.119
36.705,-0.068
36.710,-0.074
36.715,-0.073
36.720,-0.060
36.725,-0.092
36.730,-0.050
36.735,-0.056
36.740,-0.043
36.745,-0.032
36.750,-0.069
36.755,-0.025
36.760,-0.036
36.765,-0.027
36.770,-0.004
36.775,-0.037
36.780,0.000
36.785,-0.008
36.790,0.002
36.795,0.016
36.800,-0.021
36.805,0.017
36.810,-0.001
36.815,-0.002
36.820,0.024
36.825,-0.005
36.830,0.029
36.835,0.011
36.840,0.014
36.845,0.039
36.850,0.009
36.855,0.035
36.860,0.006
36.865,0.005
36.870,0.037
36.875,0.009
36.880,0.031
36.885,0.015
36.890,0.034
36.895,0.064
36.900,0.036
36.905,0.074
36.910,0.057
36.915,0.061
36.920,0.082
36.925,0.036
36.930,0.055
36.935,0.027
36.940,0.021
36.945,0.027
36.950,-0.024
36.955,0.010
36.960,-0.009
36.965,-0.016
36.970,0.009
36.975,-0.017
36.980,0.017
36.985,-0.004
36.990,-0.003
36.995,0.020
37.000,-0.015
37.005,0.020
37.010,0.001
37.015,-0.002
37.020,0.005
37.025,-0.062
37.030,-0.056
37.035,-0.071
37.040,-0.024
37.045,0.117
37.050,0.277
37.055,0.530
37.060,0.653
37.065,0.628
37.070,0.497
37.075,0.196
37.080,-0.044
37.085,-0.173
37.090,-0.172
37.095,-0.122
37.100,-0.145
37.105,-0.110
37.110,-0.102
37.115,-0.096
37.120,-0.086
37.125,-0.112
37.130,-0.064
37.135,-0.082
37.140,-0.089
37.145,-0.056
37.150,-0.084
37.155,-0.055
37.160,-0.072
37.165,-0.070
37.170,-0.032
37.175,-0.056
37.180,-0.029
37.185,-0.043
37.190,-0.041
37.195,-0.021
37.200,-0.051
37.205,-0.008
37.210,-0.017
37.215,-0.015
37.220,0.014
37.225,-0.020
37.230,0.012
37.235,0.002
37.240,0.003
37.245,0.034
37.250,0.000
37.255,0.038
37.260,0.033
37.265,0.031
37.270,0.070
37.275,0.051
37.280,0.089
37.285,0.088
37.290,0.091
37.295,0.119
37.300,0.096
37.305,0.140
37.310,0.129
37.315,0.126
37.320,0.156
37.325,0.124
37.330,0.145
37.335,0.107
37.340,0.073
37.345,0.071
37.350,0.009
37.355,0.005
37.360,-0.054
37.365,-0.104
37.370,-0.096
37.375,-0.135
37.380,-0.118
37.385,-0.145
37.390,-0.159
37.395,-0.134
37.400,-0.168
37.405,-0.141
37.410,-0.160
37.415,-0.169
37.420,-0.125
37.425,-0.150
37.430,-0.126
37.435,-0.130
37.440,-0.130
37.445,-0.105
37.450,-0.134
37.455,-0.097
37.460,-0.103
37.465,-0.106
37.470,-0.077
37.475,-0.107
37.480,-0.074
37.485,-0.081
37.490,-0.076
37.495,-0.042
37.500,-0.075
37.505,-0.037
37.510,-0.046
37.515,-0.050
37.520,-0.007
37.525,-0.039
37.530,-0.017
37.535,-0.021
37.540,-0.019
37.545,0.003
37.550,-0.036
37.555,0.008
37.560,0.012
37.565,0.010
37.570,0.034
37.575,0.002
37.580,0.042
37.585,0.029
37.590,0.020
37.595,0.051
37.600,0.018
37.605,0.058
37.610,0.042
37.615,0.023
37.620,0.065
37.625,0.038
37.630,0.065
37.635,0.060
37.640,0.056
37.645,0.092
37.650,0.071
37.655,0.108
37.660,0.085
37.665,0.066
37.670,0.103
37.675,0.063
37.680,0.076
37.685,0.053
37.690,0.026
37.695,0.035
37.700,-0.018
37.705,-0.001
37.710,-0.020
37.715,-0.036
37.720,0.001
37.725,-0.021
37.730,0.005
37.735,-0.017
37.740,-0.027
37.745,0.009
37.750,-0.027
37.755,0.004
37.760,-0.003
37.765,-0.016
37.770,0.010
37.775,-0.050
37.780,-0.067
37.785,-0.093
37.790,-0.075
37.795,0.030
37.800,0.153
37.805,0.410
37.810,0.617
37.815,0.689
37.820,0.640
37.825,0.399
37.830,0.119
37.835,-0.125
37.840,-0.198
37.845,-0.144
37.850,-0.128
37.855,-0.086
37.860,-0.101
37.865,-0.096
37.870,-0.055
37.875,-0.098
37.880,-0.068
37.885,-0.059
37.890,-0.071
37.895,-0.038
37.900,-0.060
37.905,-0.039
37.910,-0.051
37.915,-0.057
37.920,-0.021
37.925,-0.052
37.930,-0.025
37.935,-0.030
37.940,-0.033
37.945,-0.005
37.950,-0.046
37.955,-0.015
37.960,-0.022
37.965,-0.038
37.970,-0.004
37.975,-0.037
37.980,-0.002
37.985,0.008
37.990,-0.005
37.995,0.016
38.000,-0.015
38.005,0.029
38.010,0.036
38.015,0.026
38.020,0.063
38.025,0.032
38.030,0.065
38.035,0.071
38.040,0.071
38.045,0.114
38.050,0.082
38.055,0.113
38.060,0.116
38.065,0.102
38.070,0.135
38.075,0.105
38.080,0.122
38.085,0.102
38.090,0.062
38.095,0.057
38.100,-0.007
38.105,-0.009
38.110,-0.048
38.115,-0.094
38.120,-0.080
38.125,-0.129
38.130,-0.131
38.135,-0.151
38.140,-0.166
38.145,-0.139
38.150,-0.176
38.155,-0.146
38.160,-0.145
38.165,-0.157
38.170,-0.116
38.175,-0.145
38.180,-0.113
38.185,-0.107
38.190,-0.125
38.195,-0.089
38.200,-0.116
38.205,-0.086
38.210,-0.089
38.215,-0.105
38.220,-0.058
38.225,-0.085
38.230,-0.060
38.235,-0.055
38.240,-0.065
38.245,-0.030
38.250,-0.065
38.255,-0.039
38.260,-0.039
38.265,-0.062
38.270,-0.024
38.275,-0.054
38.280,-0.030
38.285,-0.025
38.290,-0.035
38.295,0.005
38.300,-0.028
38.305,-0.011
38.310,-0.016
38.315,-0.031
38.320,0.009
38.325,-0.024
38.330,-0.008
38.335,-0.011
38.340,-0.021
38.345,0.021
38.350,-0.012
38.355,0.016
38.360,0.012
38.365,-0.019
38.370,0.023
38.375,0.000
38.380,0.022
38.385,0.023
38.390,0.000
38.395,0.038
38.400,0.027
38.405,0.068
38.410,0.060
38.415,0.033
38.420,0.081
38.425,0.052
38.430,0.058
38.435,0.044
38.440,0.014
38.445,0.038
38.450,-0.014
38.455,-0.008
38.460,-0.012
38.465,-0.032
38.470,0.010
38.475,-0.019
38.480,0.001
38.485,0.007
38.490,-0.009
38.495,0.024
38.500,-0.005
38.505,0.025
38.510,0.023
38.515,-0.006
38.520,0.032
38.525,-0.015
38.530,-0.038
38.535,-0.071
38.540,-0.083
38.545,0.009
38.550,0.105
38.555,0.337
38.560,0.581
38.565,0.720
38.570,0.744
38.575,0.544
38.580,0.265
38.585,-0.037
38.590,-0.199
38.595,-0.168
38.600,-0.162
38.605,-0.120
38.610,-0.125
38.615,-0.127
38.620,-0.062
38.625,-0.102
38.630,-0.086
38.635,-0.067
38.640,-0.091
38.645,-0.062
38.650,-0.087
38.655,-0.059
38.660,-0.054
38.665,-0.073
38.670,-0.034
38.675,-0.071
38.680,-0.052
38.685,-0.037
38.690,-0.057
38.695,-0.022
38.700,-0.045
38.705,-0.017
38.710,-0.017
38.715,-0.045
38.720,0.001
38.725,-0.025
38.730,-0.007
38.735,0.008
38.740,-0.010
38.745,0.026
38.750,-0.003
38.755,0.018
38.760,0.035
38.765,0.024
38.770,0.075
38.775,0.057
38.780,0.074
38.785,0.087
38.790,0.076
38.795,0.119
38.800,0.094
38.805,0.123
38.810,0.134
38.815,0.109
38.820,0.151
38.825,0.122
38.830,0.134
38.835,0.136
38.840,0.090
38.845,0.094
38.850,0.030
38.855,0.017
38.860,-0.010
38.865,-0.082
38.870,-0.073
38.875,-0.123
38.880,-0.124
38.885,-0.118
38.890,-0.156
38.895,-0.131
38.900,-0.159
38.905,-0.144
38.910,-0.140
38.915,-0.170
38.920,-0.118
38.925,-0.135
38.930,-0.128
38.935,-0.115
38.940,-0.126
38.945,-0.080
38.950,-0.108
38.955,-0.092
38.960,-0.077
38.965,-0.098
38.970,-0.054
38.975,-0.082
38.980,-0.070
38.985,-0.059
38.990,-0.086
38.995,-0.046
39.000,-0.069
39.005,-0.045
39.010,-0.030
39.015,-0.062
39.020,-0.021
39.025,-0.047
39.030,-0.038
39.035,-0.025
39.040,-0.047
39.045,-0.009
39.050,-0.037
39.055,-0.025
39.060,-0.017
39.065,-0.039
39.070,0.009
39.075,-0.016
39.080,-0.011
39.085,0.002
39.090,-0.020
39.095,0.016
39.100,-0.003
39.105,0.011
39.110,0.010
39.115,-0.019
39.120,0.033
39.125,0.014
39.130,0.022
39.135,0.040
39.140,0.022
39.145,0.067
39.150,0.050
39.155,0.067
39.160,0.080
39.165,0.045
39.170,0.076
39.175,0.047
39.180,0.050
39.185,0.057
39.190,0.010
39.195,0.014
39.200,-0.032
39.205,-0.020
39.210,0.002
39.215,-0.027
39.220,0.012
39.225,-0.008
39.230,0.000
39.235,0.010
39.240,-0.008
39.245,0.035
39.250,0.000
39.255,0.012
39.260,0.025
39.265,-0.012
39.270,0.008
39.275,-0.063
39.280,-0.082
39.285,-0.046
39.290,0.007
39.295,0.221
39.300,0.441
39.305,0.679
39.310,0.793
39.315,0.681
39.320,0.488
39.325,0.123
39.330,-0.128
39.335,-0.181
39.340,-0.195
39.345,-0.128
39.350,-0.146
39.355,-0.133
39.360,-0.087
39.365,-0.107
39.370,-0.087
39.375,-0.107
39.380,-0.092
39.385,-0.077
39.390,-0.094
39.395,-0.050
39.400,-0.081
39.405,-0.071
39.410,-0.051
39.415,-0.080
39.420,-0.034
39.425,-0.058
39.430,-0.055
39.435,-0.033
39.440,-0.063
39.445,-0.027
39.450,-0.042
39.455,-0.030
39.460,-0.016
39.465,-0.045
39.470,0.001
39.475,-0.013
39.480,0.000
39.485,0.026
39.490,0.001
39.495,0.034
39.500,0.012
39.505,0.031
39.510,0.060
39.515,0.040
39.520,0.089
39.525,0.075
39.530,0.085
39.535,0.112
39.540,0.094
39.545,0.137
39.550,0.122
39.555,0.137
39.560,0.155
39.565,0.119
39.570,0.155
39.575,0.122
39.580,0.103
39.585,0.100
39.590,0.043
39.595,0.043
39.600,-0.015
39.605,-0.043
39.610,-0.061
39.615,-0.128
39.620,-0.114
39.625,-0.151
39.630,-0.159
39.635,-0.147
39.640,-0.187
39.645,-0.153
39.650,-0.162
39.655,-0.152
39.660,-0.137
39.665,-0.165
39.670,-0.115
39.675,-0.126
39.680,-0.127
39.685,-0.107
39.690,-0.127
39.695,-0.086
39.700,-0.107
39.705,-0.100
39.710,-0.080
39.715,-0.109
39.720,-0.060
39.725,-0.072
39.730,-0.068
39.735,-0.045
39.740,-0.076
39.745,-0.042
39.750,-0.050
39.755,-0.038
39.760,-0.025
39.765,-0.062
39.770,-0.020
39.775,-0.027
39.780,-0.022
39.785,-0.007
39.790,-0.034
39.795,0.011
39.800,-0.005
39.805,-0.005
39.810,0.009
39.815,-0.026
39.820,0.019
39.825,0.002
39.830,0.000
39.835,0.028
39.840,-0.004
39.845,0.027
39.850,0.011
39.855,0.010
39.860,0.029
39.865,-0.002
39.870,0.039
39.875,0.025
39.880,0.026
39.885,0.050
39.890,0.023
39.895,0.063
39.900,0.050
39.905,0.058
39.910,0.074
39.915,0.033
39.920,0.073
39.925,0.052
39.930,0.040
39.935,0.050
39.940,-0.005
39.945,0.009
39.950,-0.012
39.955,-0.010
39.960,0.016
39.965,-0.013
39.970,0.028
39.975,0.009
39.980,-0.001
39.985,0.022
39.990,-0.010
39.995,0.025
40.000,0.015
40.005,0.017
40.010,0.030
40.015,-0.025
40.020,-0.019
40.025,-0.062
40.030,-0.064
40.035,0.011
40.040,0.112
40.045,0.336
40.050,0.525
40.055,0.668
40.060,0.681
40.065,0.479
40.070,0.210
40.075,-0.091
40.080,-0.193
40.085,-0.156
40.090,-0.159
40.095,-0.116
40.100,-0.128
40.105,-0.096
40.110,-0.062
40.115,-0.114
40.120,-0.074
40.125,-0.077
40.130,-0.088
40.135,-0.062
40.140,-0.076
40.145,-0.041
40.150,-0.062
40.155,-0.060
40.160,-0.033
40.165,-0.064
40.170,-0.020
40.175,-0.034
40.180,-0.047
40.185,-0.015
40.190,-0.042
40.195,-0.013
40.200,-0.029
40.205,-0.029
40.210,0.005
40.215,-0.017
40.220,0.026
40.225,0.010
40.230,0.001
40.235,0.029
40.240,0.001
40.245,0.036
40.250,0.031
40.255,0.034
40.260,0.068
40.265,0.047
40.270,0.086
40.275,0.076
40.280,0.076
40.285,0.118
40.290,0.098
40.295,0.132
40.300,0.121
40.305,0.111
40.310,0.134
40.315,0.102
40.320,0.125
40.325,0.098
40.330,0.072
40.335,0.071
40.340,0.007
40.345,0.002
40.350,-0.050
40.355,-0.086
40.360,-0.090
40.365,-0.150
40.370,-0.124
40.375,-0.146
40.380,-0.168
40.385,-0.141
40.390,-0.176
40.395,-0.153
40.400,-0.155
40.405,-0.153
40.410,-0.134
40.415,-0.168
40.420,-0.125
40.425,-0.130
40.430,-0.136
40.435,-0.107
40.440,-0.140
40.445,-0.108
40.450,-0.115
40.455,-0.119
40.460,-0.083
40.465,-0.114
40.470,-0.078
40.475,-0.083
40.480,-0.094
40.485,-0.060
40.490,-0.084
40.495,-0.055
40.500,-0.056
40.505,-0.050
40.510,-0.019
40.515,-0.049
40.520,-0.014
40.525,-0.022
40.530,-0.017
40.535,0.019
40.540,-0.016
40.545,0.011
40.550,-0.005
40.555,-0.012
40.560,0.023
40.565,-0.003
40.570,0.038
40.575,0.020
40.580,-0.010
40.585,0.020
40.590,0.007
40.595,0.047
40.600,0.028
40.605,0.001
40.610,0.036
40.615,0.015
40.620,0.049
40.625,0.035
40.630,0.018
40.635,0.062
40.640,0.051
40.645,0.088
40.650,0.072
40.655,0.063
40.660,0.089
40.665,0.047
40.670,0.079
40.675,0.050
40.680,0.024
40.685,0.054
40.690,-0.005
40.695,0.009
40.700,0.012
40.705,0.005
40.710,0.027
40.715,-0.008
40.720,0.030
40.725,0.025
40.730,0.009
40.735,0.035
40.740,-0.005
40.745,0.018
40.750,0.014
40.755,0.014
40.760,0.039
40.765,-0.029
40.770,-0.032
40.775,-0.047
40.780,-0.029
40.785,0.103
40.790,0.246
40.795,0.471
40.800,0.613
40.805,0.623
40.810,0.530
40.815,0.245
40.820,-0.005
40.825,-0.149
40.830,-0.177
40.835,-0.116
40.840,-0.118
40.845,-0.094
40.850,-0.080
40.855,-0.066
40.860,-0.042
40.865,-0.076
40.870,-0.044
40.875,-0.054
40.880,-0.059
40.885,-0.013
40.890,-0.048
40.895,-0.037
40.900,-0.047
40.905,-0.053
40.910,-0.015
40.915,-0.044
40.920,-0.006
40.925,-0.018
40.930,-0.044
40.935,-0.007
40.940,-0.040
40.945,-0.014
40.950,-0.011
40.955,-0.027
40.960,-0.007
40.965,-0.038
40.970,0.003
40.975,0.001
40.980,-0.021
40.985,0.021
40.990,0.002
40.995,0.033
41.000,0.029
41.005,0.015
41.010,0.059
41.015,0.032
41.020,0.065
41.025,0.069
41.030,0.060
41.035,0.106
41.040,0.075
41.045,0.099
41.050,0.105
41.055,0.097
41.060,0.127
41.065,0.084
41.070,0.101
41.075,0.076
41.080,0.029
41.085,0.043
41.090,-0.023
41.095,-0.045
41.100,-0.080
41.105,-0.123
41.110,-0.110
41.115,-0.154
41.120,-0.141
41.125,-0.153
41.130,-0.179
41.135,-0.145
41.140,-0.168
41.145,-0.144
41.150,-0.145
41.155,-0.158
41.160,-0.123
41.165,-0.152
41.170,-0.121
41.175,-0.122
41.180,-0.131
41.185,-0.079
41.190,-0.104
41.195,-0.085
41.200,-0.082
41.205,-0.085
41.210,-0.042
41.215,-0.073
41.220,-0.039
41.225,-0.031
41.230,-0.051
41.235,-0.008
41.240,-0.035
41.245,-0.013
41.250,-0.006
41.255,-0.027
41.260,0.006
41.265,-0.016
41.270,0.012
41.275,0.007
41.280,-0.008
41.285,0.042
41.290,0.007
41.295,0.027
41.300,0.027
41.305,-0.001
41.310,0.035
41.315,0.004
41.320,0.027
41.325,0.026
41.330,-0.004
41.335,0.037
41.340,0.014
41.345,0.037
41.350,0.044
41.355,0.020
41.360,0.051
41.365,0.018
41.370,0.044
41.375,0.054
41.380,0.034
41.385,0.081
41.390,0.056
41.395,0.073
41.400,0.067
41.405,0.036
41.410,0.061
41.415,0.021
41.420,0.039
41.425,0.019
41.430,-0.032
41.435,0.006
41.440,-0.016
41.445,-0.004
41.450,-0.009
41.455,-0.027
41.460,0.018
41.465,-0.002
41.470,0.019
41.475,0.017
41.480,-0.006
41.485,0.023
41.490,-0.009
41.495,0.009
41.500,-0.004
41.505,-0.061
41.510,-0.060
41.515,-0.082
41.520,0.011
41.525,0.155
41.530,0.330
41.535,0.586
41.540,0.674
41.545,0.640
41.550,0.460
41.555,0.147
41.560,-0.080
41.565,-0.209
41.570,-0.182
41.575,-0.143
41.580,-0.157
41.585,-0.122
41.590,-0.128
41.595,-0.101
41.600,-0.108
41.605,-0.130
41.610,-0.088
41.615,-0.119
41.620,-0.097
41.625,-0.086
41.630,-0.104
41.635,-0.058
41.640,-0.082
41.645,-0.065
41.650,-0.060
41.655,-0.075
41.660,-0.032
41.665,-0.061
41.670,-0.044
41.675,-0.041
41.680,-0.062
41.685,-0.008
41.690,-0.028
41.695,-0.014
41.700,-0.009
41.705,-0.031
41.710,0.010
41.715,-0.012
41.720,0.016
41.725,0.027
41.730,0.003
41.735,0.046
41.740,0.019
41.745,0.044
41.750,0.066
41.755,0.057
41.760,0.101
41.765,0.072
41.770,0.102
41.775,0.118
41.780,0.094
41.785,0.142
41.790,0.117
41.795,0.130
41.800,0.135
41.805,0.105
41.810,0.131
41.815,0.082
41.820,0.069
41.825,0.036
41.830,-0.029
41.835,-0.021
41.840,-0.082
41.845,-0.099
41.850,-0.110
41.855,-0.149
41.860,-0.127
41.865,-0.168
41.870,-0.152
41.875,-0.142
41.880,-0.170
41.885,-0.128
41.890,-0.155
41.895,-0.137
41.900,-0.121
41.905,-0.148
41.910,-0.107
41.915,-0.126
41.920,-0.103
41.925,-0.090
41.930,-0.117
41.935,-0.071
41.940,-0.091
41.945,-0.077
41.950,-0.061
41.955,-0.088
41.960,-0.053
41.965,-0.073
41.970,-0.047
41.975,-0.025
41.980,-0.051
41.985,-0.016
41.990,-0.047
41.995,-0.040
42.000,-0.021
42.005,-0.034
42.010,-0.001
42.015,-0.031
42.020,-0.010
42.025,-0.001
42.030,-0.027
42.035,0.020
42.040,-0.011
42.045,-0.001
42.050,0.018
42.055,-0.004
42.060,0.030
42.065,-0.007
42.070,0.003
42.075,0.024
42.080,0.002
42.085,0.051
42.090,0.034
42.095,0.044
42.100,0.061
42.105,0.042
42.110,0.085
42.115,0.059
42.120,0.066
42.125,0.071
42.130,0.033
42.135,0.068
42.140,0.035
42.145,0.030
42.150,0.036
42.155,-0.010
42.160,0.007
42.165,-0.018
42.170,-0.002
42.175,0.012
42.180,-0.021
42.185,0.018
42.190,-0.004
42.195,-0.001
42.200,0.013
42.205,-0.015
42.210,0.021
42.215,0.010
42.220,0.024
42.225,0.019
42.230,-0.045
42.235,-0.049
42.240,-0.085
42.245,-0.043
42.250,0.070
42.255,0.226
42.260,0.493
42.265,0.668
42.270,0.734
42.275,0.628
42.280,0.342
42.285,0.059
42.290,-0.173
42.295,-0.205
42.300,-0.161
42.305,-0.155
42.310,-0.119
42.315,-0.138
42.320,-0.103
42.325,-0.091
42.330,-0.131
42.335,-0.078
42.340,-0.090
42.345,-0.087
42.350,-0.065
42.355,-0.088
42.360,-0.056
42.365,-0.073
42.370,-0.048
42.375,-0.033
42.380,-0.068
42.385,-0.026
42.390,-0.047
42.395,-0.042
42.400,-0.020
42.405,-0.034
42.410,0.005
42.415,-0.027
42.420,-0.016
42.425,0.007
42.430,-0.014
42.435,0.033
42.440,0.005
42.445,0.013
42.450,0.039
42.455,0.013
42.460,0.059
42.465,0.051
42.470,0.068
42.475,0.088
42.480,0.059
42.485,0.111
42.490,0.101
42.495,0.109
42.500,0.135
42.505,0.116
42.510,0.149
42.515,0.125
42.520,0.140
42.525,0.166
42.530,0.123
42.535,0.146
42.540,0.109
42.545,0.086
42.550,0.075
42.555,0.002
42.560,-0.013
42.565,-0.069
42.570,-0.091
42.575,-0.093
42.580,-0.138
42.585,-0.120
42.590,-0.163
42.595,-0.174
42.600,-0.152
42.605,-0.170
42.610,-0.130
42.615,-0.143
42.620,-0.131
42.625,-0.121
42.630,-0.154
42.635,-0.114
42.640,-0.131
42.645,-0.125
42.650,-0.104
42.655,-0.124
42.660,-0.079
42.665,-0.097
42.670,-0.088
42.675,-0.067
42.680,-0.091
42.685,-0.047
42.690,-0.070
42.695,-0.073
42.700,-0.050
42.705,-0.075
42.710,-0.036
42.715,-0.049
42.720,-0.045
42.725,-0.028
42.730,-0.056
42.735,-0.009
42.740,-0.028
42.745,-0.037
42.750,-0.016
42.755,-0.031
42.760,0.010
42.765,-0.021
42.770,-0.020
42.775,0.002
42.780,-0.022
42.785,0.026
42.790,-0.001
42.795,-0.007
42.800,0.018
42.805,-0.001
42.810,0.042
42.815,0.019
42.820,0.016
42.825,0.035
42.830,0.009
42.835,0.061
42.840,0.054
42.845,0.055
42.850,0.078
42.855,0.048
42.860,0.075
42.865,0.051
42.870,0.043
42.875,0.045
42.880,0.000
42.885,0.027
42.890,-0.010
42.895,-0.021
42.900,0.007
42.905,-0.024
42.910,0.010
42.915,-0.011
42.920,-0.014
42.925,0.007
42.930,-0.021
42.935,0.024
42.940,0.002
42.945,-0.009
42.950,0.017
42.955,-0.004
42.960,0.014
42.965,-0.050
42.970,-0.084
42.975,-0.056
42.980,-0.027
42.985,0.138
42.990,0.310
42.995,0.515
43.000,0.678
43.005,0.630
43.010,0.487
43.015,0.167
43.020,-0.108
43.025,-0.181
43.030,-0.205
43.035,-0.140
43.040,-0.143
43.045,-0.136
43.050,-0.071
43.055,-0.094
43.060,-0.081
43.065,-0.091
43.070,-0.072
43.075,-0.047
43.080,-0.097
43.085,-0.053
43.090,-0.057
43.095,-0.062
43.100,-0.025
43.105,-0.055
43.110,-0.027
43.115,-0.030
43.120,-0.024
43.125,-0.003
43.130,-0.041
43.135,-0.006
43.140,-0.017
43.145,-0.017
43.150,0.014
43.155,-0.014
43.160,0.023
43.165,0.016
43.170,0.016
43.175,0.037
43.180,0.009
43.185,0.051
43.190,0.040
43.195,0.038
43.200,0.081
43.205,0.061
43.210,0.091
43.215,0.083
43.220,0.089
43.225,0.120
43.230,0.089
43.235,0.129
43.240,0.126
43.245,0.122
43.250,0.147
43.255,0.113
43.260,0.144
43.265,0.127
43.270,0.106
43.275,0.099
43.280,0.036
43.285,0.045
43.290,-0.004
43.295,-0.056
43.300,-0.064
43.305,-0.124
43.310,-0.119
43.315,-0.146
43.320,-0.151
43.325,-0.137
43.330,-0.192
43.335,-0.154
43.340,-0.156
43.345,-0.161
43.350,-0.121
43.355,-0.151
43.360,-0.117
43.365,-0.120
43.370,-0.126
43.375,-0.093
43.380,-0.118
43.385,-0.080
43.390,-0.085
43.395,-0.085
43.400,-0.049
43.405,-0.079
43.410,-0.044
43.415,-0.044
43.420,-0.042
43.425,-0.012
43.430,-0.045
43.435,-0.012
43.440,-0.020
43.445,-0.022
43.450,0.006
43.455,-0.026
43.460,0.010
43.465,0.006
43.470,-0.002
43.475,0.021
43.480,-0.018
43.485,0.017
43.490,0.013
43.495,0.002
43.500,0.029
43.505,-0.012
43.510,0.007
43.515,-0.006
43.520,-0.014
43.525,0.012
43.530,-0.021
43.535,0.023
43.540,0.011
43.545,-0.017
43.550,0.014
43.555,-0.012
43.560,0.016
43.565,0.005
43.570,0.000
43.575,0.039
43.580,0.010
43.585,0.040
43.590,0.026
43.595,0.016
43.600,0.050
43.605,0.013
43.610,0.033
43.615,0.011
43.620,-0.009
43.625,0.008
43.630,-0.045
43.635,-0.022
43.640,-0.025
43.645,-0.034
43.650,0.003
43.655,-0.032
43.660,-0.010
43.665,-0.008
43.670,-0.010
43.675,0.020
43.680,-0.009
43.685,0.026
43.690,0.011
43.695,-0.006
43.700,0.014
43.705,-0.056
43.710,-0.055
43.715,-0.052
43.720,-0.008
43.725,0.141
43.730,0.297
43.735,0.544
43.740,0.662
43.745,0.614
43.750,0.489
43.755,0.187
43.760,-0.050
43.765,-0.166
43.770,-0.179
43.775,-0.115
43.780,-0.134
43.785,-0.105
43.790,-0.087
43.795,-0.087
43.800,-0.063
43.805,-0.095
43.810,-0.059
43.815,-0.070
43.820,-0.088
43.825,-0.049
43.830,-0.079
43.835,-0.051
43.840,-0.052
43.845,-0.068
43.850,-0.037
43.855,-0.065
43.860,-0.036
43.865,-0.041
43.870,-0.051
43.875,-0.012
43.880,-0.044
43.885,-0.013
43.890,-0.021
43.895,-0.039
43.900,0.012
43.905,-0.015
43.910,0.002
43.915,-0.007
43.920,-0.015
43.925,0.034
43.930,0.013
43.935,0.041
43.940,0.033
43.945,0.019
43.950,0.069
43.955,0.048
43.960,0.082
43.965,0.094
43.970,0.089
43.975,0.123
43.980,0.095
43.985,0.135
43.990,0.139
43.995,0.118
44.000,0.150
44.005,0.111
44.010,0.120
44.015,0.101
44.020,0.059
44.025,0.055
44.030,-0.017
44.035,-0.027
44.040,-0.052
44.045,-0.092
44.050,-0.086
44.055,-0.143
44.060,-0.133
44.065,-0.133
44.070,-0.154
44.075,-0.129
44.080,-0.160
44.085,-0.130
44.090,-0.126
44.095,-0.144
44.100,-0.109
44.105,-0.134
44.110,-0.106
44.115,-0.102
44.120,-0.112
44.125,-0.077
44.130,-0.108
44.135,-0.075
44.140,-0.073
44.145,-0.093
44.150,-0.054
44.155,-0.090
44.160,-0.065
44.165,-0.052
44.170,-0.061
44.175,-0.022
44.180,-0.054
44.185,-0.033
44.190,-0.039
44.195,-0.061
44.200,-0.016
44.205,-0.041
44.210,-0.019
44.215,-0.013
44.220,-0.027
44.225,0.005
44.230,-0.028
44.235,0.003
44.240,0.004
44.245,-0.021
44.250,0.018
44.255,-0.012
44.260,0.008
44.265,0.013
44.270,-0.003
44.275,0.031
44.280,0.000
44.285,0.029
44.290,0.035
44.295,0.014
44.300,0.055
44.305,0.039
44.310,0.069
44.315,0.068
44.320,0.046
44.325,0.079
44.330,0.042
44.335,0.062
44.340,0.051
44.345,0.008
44.350,0.038
44.355,-0.013
44.360,-0.014
44.365,-0.010
44.370,-0.025
44.375,0.017
44.380,-0.009
44.385,0.012
44.390,0.006
44.395,-0.022
44.400,0.024
44.405,-0.001
44.410,0.013
44.415,0.011
44.420,-0.007
44.425,0.030
44.430,-0.032
44.435,-0.060
44.440,-0.074
44.445,-0.071
44.450,0.054
44.455,0.185
44.460,0.432
44.465,0.662
44.470,0.728
44.475,0.671
44.480,0.418
44.485,0.118
44.490,-0.130
44.495,-0.226
44.500,-0.161
44.505,-0.152
44.510,-0.141
44.515,-0.132
44.520,-0.126
44.525,-0.089
44.530,-0.127
44.535,-0.096
44.540,-0.083
44.545,-0.115
44.550,-0.073
44.555,-0.088
44.560,-0.069
44.565,-0.063
44.570,-0.084
44.575,-0.047
44.580,-0.080
44.585,-0.055
44.590,-0.042
44.595,-0.068
44.600,-0.024
44.605,-0.046
44.610,-0.028
44.615,-0.019
44.620,-0.043
44.625,-0.001
44.630,-0.025
44.635,0.000
44.640,0.009
44.645,-0.016
44.650,0.035
44.655,0.018
44.660,0.031
44.665,0.043
44.670,0.027
44.675,0.076
44.680,0.061
44.685,0.083
44.690,0.095
44.695,0.081
44.700,0.142
44.705,0.126
44.710,0.136
44.715,0.146
44.720,0.133
44.725,0.180
44.730,0.142
44.735,0.141
44.740,0.133
44.745,0.085
44.750,0.096
44.755,0.029
44.760,0.003
44.765,-0.020
44.770,-0.072
44.775,-0.064
44.780,-0.118
44.785,-0.115
44.790,-0.117
44.795,-0.157
44.800,-0.123
44.805,-0.154
44.810,-0.145
44.815,-0.132
44.820,-0.153
44.825,-0.114
44.830,-0.136
44.835,-0.120
44.840,-0.109
44.845,-0.129
44.850,-0.075
44.855,-0.096
44.860,-0.096
44.865,-0.091
44.870,-0.110
44.875,-0.066
44.880,-0.085
44.885,-0.062
44.890,-0.059
44.895,-0.094
44.900,-0.045
44.905,-0.068
44.910,-0.057
44.915,-0.039
44.920,-0.067
44.925,-0.034
44.930,-0.057
44.935,-0.043
44.940,-0.028
44.945,-0.048
44.950,-0.009
44.955,-0.036
44.960,-0.027
44.965,-0.010
44.970,-0.035
44.975,0.002
44.980,-0.020
44.985,-0.003
44.990,0.014
44.995,-0.026
45.000,0.006
45.005,-0.004
45.010,0.013
45.015,0.028
45.020,0.001
45.025,0.038
45.030,0.024
45.035,0.052
45.040,0.067
45.045,0.034
45.050,0.079
45.055,0.057
45.060,0.062
45.065,0.067
45.070,0.018
45.075,0.044
45.080,0.016
45.085,0.006
45.090,-0.011
45.095,-0.049
45.100,0.002
45.105,-0.008
45.110,-0.003
45.115,-0.002
45.120,-0.031
45.125,0.015
45.130,-0.005
45.135,-0.001
45.140,0.000
45.145,-0.031
45.150,0.024
45.155,0.005
45.160,-0.008
45.165,-0.036
45.170,-0.098
45.175,-0.053
45.180,-0.013
45.185,0.144
45.190,0.371
45.195,0.572
45.200,0.767
45.205,0.723
45.210,0.539
45.215,0.228
45.220,-0.106
45.225,-0.186
45.230,-0.202
45.235,-0.156
45.240,-0.126
45.245,-0.157
45.250,-0.082
45.255,-0.088
45.260,-0.106
45.265,-0.089
45.270,-0.103
45.275,-0.067
45.280,-0.088
45.285,-0.072
45.290,-0.057
45.295,-0.094
45.300,-0.047
45.305,-0.057
45.310,-0.055
45.315,-0.035
45.320,-0.063
45.325,-0.024
45.330,-0.033
45.335,-0.023
45.340,-0.017
45.345,-0.048
45.350,-0.001
45.355,-0.017
45.360,-0.010
45.365,0.016
45.370,-0.006
45.375,0.027
45.380,0.004
45.385,0.024
45.390,0.055
45.395,0.027
45.400,0.067
45.405,0.047
45.410,0.058
45.415,0.094
45.420,0.075
45.425,0.116
45.430,0.106
45.435,0.122
45.440,0.154
45.445,0.124
45.450,0.156
45.455,0.132
45.460,0.128
45.465,0.154
45.470,0.114
45.475,0.121
45.480,0.073
45.485,0.040
45.490,0.019
45.495,-0.053
45.500,-0.050
45.505,-0.092
45.510,-0.115
45.515,-0.117
45.520,-0.161
45.525,-0.136
45.530,-0.158
45.535,-0.153
45.540,-0.138
45.545,-0.169
45.550,-0.124
45.555,-0.142
45.560,-0.142
45.565,-0.118
45.570,-0.146
45.575,-0.103
45.580,-0.108
45.585,-0.096
45.590,-0.080
45.595,-0.120
45.600,-0.080
45.605,-0.086
45.610,-0.079
45.615,-0.059
45.620,-0.090
45.625,-0.050
45.630,-0.065
45.635,-0.057
45.640,-0.037
45.645,-0.072
45.650,-0.023
45.655,-0.035
45.660,-0.042
45.665,-0.019
45.670,-0.054
45.675,-0.014
45.680,-0.019
45.685,-0.019
45.690,-0.001
45.695,-0.029
45.700,0.013
45.705,-0.004
45.710,-0.007
45.715,0.009
45.720,-0.020
45.725,0.023
45.730,0.009
45.735,0.012
45.740,0.030
45.745,-0.008
45.750,0.035
45.755,0.022
45.760,0.017
45.765,0.044
45.770,0.022
45.775,0.067
45.780,0.056
45.785,0.054
45.790,0.068
45.795,0.037
45.800,0.082
45.805,0.058
45.810,0.046
45.815,0.067
45.820,0.022
45.825,0.028
45.830,-0.012
45.835,-0.022
45.840,0.002
45.845,-0.026
45.850,0.012
45.855,-0.008
45.860,-0.011
45.865,0.027
45.870,0.002
45.875,0.026
45.880,0.001
45.885,-0.002
45.890,0.026
45.895,-0.009
45.900,0.008
45.905,-0.048
45.910,-0.082
45.915,-0.046
45.920,-0.018
45.925,0.150
45.930,0.336
45.935,0.547
45.940,0.697
45.945,0.622
45.950,0.463
45.955,0.144
45.960,-0.118
45.965,-0.171
45.970,-0.191
45.975,-0.129
45.980,-0.130
45.985,-0.126
45.990,-0.069
45.995,-0.097
46.000,-0.078
46.005,-0.086
46.010,-0.079
46.015,-0.046
46.020,-0.077
46.025,-0.041
46.030,-0.052
46.035,-0.058
46.040,-0.041
46.045,-0.074
46.050,-0.027
46.055,-0.034
46.060,-0.046
46.065,-0.015
46.070,-0.042
46.075,-0.011
46.080,-0.021
46.085,-0.017
46.090,0.013
46.095,-0.025
46.100,0.009
46.105,-0.001
46.110,-0.006
46.115,0.025
46.120,-0.006
46.125,0.028
46.130,0.030
46.135,0.035
46.140,0.059
46.145,0.030
46.150,0.078
46.155,0.082
46.160,0.079
46.165,0.106
46.170,0.080
46.175,0.117
46.180,0.114
46.185,0.119
46.190,0.144
46.195,0.106
46.200,0.136
46.205,0.121
46.210,0.101
46.215,0.104
46.220,0.042
46.225,0.045
46.230,-0.003
46.235,-0.058
46.240,-0.064
46.245,-0.112
46.250,-0.088
46.255,-0.120
46.260,-0.156
46.265,-0.134
46.270,-0.166
46.275,-0.139
46.280,-0.145
46.285,-0.148
46.290,-0.119
46.295,-0.154
46.300,-0.120
46.305,-0.121
46.310,-0.121
46.315,-0.083
46.320,-0.120
46.325,-0.096
46.330,-0.102
46.335,-0.111
46.340,-0.077
46.345,-0.103
46.350,-0.064
46.355,-0.071
46.360,-0.089
46.365,-0.049
46.370,-0.061
46.375,-0.031
46.380,-0.048
46.385,-0.062
46.390,-0.037
46.395,-0.062
46.400,-0.013
46.405,-0.014
46.410,-0.028
46.415,0.002
46.420,-0.032
46.425,-0.007
46.430,-0.008
46.435,-0.015
46.440,0.011
46.445,-0.018
46.450,0.014
46.455,0.008
46.460,-0.006
46.465,0.024
46.470,-0.004
46.475,0.021
46.480,0.008
46.485,0.003
46.490,0.038
46.495,0.007
46.500,0.039
46.505,0.029
46.510,0.024
46.515,0.071
46.520,0.040
46.525,0.062
46.530,0.053
46.535,0.046
46.540,0.076
46.545,0.037
46.550,0.065
46.555,0.045
46.560,0.014
46.565,0.029
46.570,-0.022
46.575,0.002
46.580,0.001
46.585,-0.009
46.590,0.020
46.595,-0.014
46.600,0.015
46.605,0.006
46.610,-0.010
46.615,0.033
46.620,0.004
46.625,0.012
46.630,0.004
46.635,-0.006
46.640,-0.004
46.645,-0.076
46.650,-0.057
46.655,-0.032
46.660,0.041
46.665,0.245
46.670,0.418
46.675,0.610
46.680,0.647
46.685,0.525
46.690,0.328
46.695,0.011
46.700,-0.140
46.705,-0.183
46.710,-0.180
46.715,-0.114
46.720,-0.130
46.725,-0.094
46.730,-0.085
46.735,-0.104
46.740,-0.079
46.745,-0.096
46.750,-0.067
46.755,-0.080
46.760,-0.087
46.765,-0.048
46.770,-0.082
46.775,-0.049
46.780,-0.043
46.785,-0.058
46.790,-0.030
46.795,-0.063
46.800,-0.031
46.805,-0.035
46.810,-0.052
46.815,-0.005
46.820,-0.034
46.825,-0.014
46.830,-0.011
46.835,-0.017
46.840,0.025
46.845,-0.004
46.850,0.019
46.855,0.012
46.860,-0.003
46.865,0.043
46.870,0.016
46.875,0.044
46.880,0.052
46.885,0.043
46.890,0.083
46.895,0.059
46.900,0.094
46.905,0.096
46.910,0.082
46.915,0.128
46.920,0.107
46.925,0.133
46.930,0.128
46.935,0.114
46.940,0.144
46.945,0.095
46.950,0.103
46.955,0.072
46.960,0.019
46.965,0.028
46.970,-0.036
46.975,-0.052
46.980,-0.080
46.985,-0.119
46.990,-0.109
46.995,-0.152
47.000,-0.124
47.005,-0.134
47.010,-0.167
47.015,-0.131
47.020,-0.161
47.025,-0.132
47.030,-0.121
47.035,-0.135
47.040,-0.103
47.045,-0.140
47.050,-0.113
47.055,-0.105
47.060,-0.115
47.065,-0.071
47.070,-0.096
47.075,-0.078
47.080,-0.081
47.085,-0.089
47.090,-0.053
47.095,-0.079
47.100,-0.044
47.105,-0.042
47.110,-0.051
47.115,-0.013
47.120,-0.055
47.125,-0.030
47.130,-0.021
47.135,-0.029
47.140,0.009
47.145,-0.031
47.150,-0.006
47.155,-0.004
47.160,-0.026
47.165,0.020
47.170,-0.007
47.175,0.013
47.180,0.013
47.185,-0.012
47.190,0.025
47.195,0.005
47.200,0.037
47.205,0.030
47.210,-0.003
47.215,0.038
47.220,0.021
47.225,0.048
47.230,0.045
47.235,0.022
47.240,0.058
47.245,0.035
47.250,0.073
47.255,0.077
47.260,0.044
47.265,0.075
47.270,0.048
47.275,0.069
47.280,0.066
47.285,0.035
47.290,0.060
47.295,0.017
47.300,0.022
47.305,0.003
47.310,-0.034
47.315,0.010
47.320,-0.012
47.325,0.008
47.330,0.007
47.335,-0.025
47.340,0.013
47.345,-0.004
47.350,0.025
47.355,0.018
47.360,-0.020
47.365,0.019
47.370,-0.019
47.375,-0.033
47.380,-0.068
47.385,-0.100
47.390,-0.034
47.395,0.017
47.400,0.205
47.405,0.423
47.410,0.582
47.415,0.679
47.420,0.551
47.425,0.342
47.430,0.051
47.435,-0.170
47.440,-0.179
47.445,-0.178
47.450,-0.120
47.455,-0.122
47.460,-0.147
47.465,-0.087
47.470,-0.116
47.475,-0.098
47.480,-0.083
47.485,-0.103
47.490,-0.068
47.495,-0.092
47.500,-0.058
47.505,-0.062
47.510,-0.097
47.515,-0.047
47.520,-0.067
47.525,-0.044
47.530,-0.028
47.535,-0.052
47.540,-0.026
47.545,-0.053
47.550,-0.026
47.555,-0.018
47.560,-0.035
47.565,0.005
47.570,-0.027
47.575,-0.013
47.580,0.000
47.585,-0.014
47.590,0.019
47.595,-0.010
47.600,0.025
47.605,0.042
47.610,0.019
47.615,0.065
47.620,0.038
47.625,0.056
47.630,0.075
47.635,0.061
47.640,0.106
47.645,0.082
47.650,0.107
47.655,0.126
47.660,0.104
47.665,0.141
47.670,0.105
47.675,0.120
47.680,0.128
47.685,0.084
47.690,0.089
47.695,0.019
47.700,0.005
47.705,-0.014
47.710,-0.073
47.715,-0.049
47.720,-0.101
47.725,-0.120
47.730,-0.125
47.735,-0.155
47.740,-0.118
47.745,-0.151
47.750,-0.138
47.755,-0.123
47.760,-0.151
47.765,-0.110
47.770,-0.128
47.775,-0.105
47.780,-0.086
47.785,-0.114
47.790,-0.084
47.795,-0.108
47.800,-0.088
47.805,-0.080
47.810,-0.104
47.815,-0.050
47.820,-0.072
47.825,-0.062
47.830,-0.042
47.835,-0.062
47.840,-0.029
47.845,-0.059
47.850,-0.040
47.855,-0.020
47.860,-0.041
47.865,-0.003
47.870,-0.034
47.875,-0.023
47.880,-0.006
47.885,-0.028
47.890,0.004
47.895,-0.025
47.900,-0.008
47.905,0.004
47.910,-0.018
47.915,0.024
47.920,-0.011
47.925,-0.001
47.930,0.018
47.935,-0.008
47.940,0.024
47.945,-0.004
47.950,0.019
47.955,0.035
47.960,0.004
47.965,0.051
47.970,0.030
47.975,0.038
47.980,0.056
47.985,0.035
47.990,0.072
47.995,0.048
48.000,0.061
48.005,0.069
48.010,0.024
48.015,0.051
48.020,0.017
48.025,0.011
48.030,0.010
48.035,-0.030
48.040,0.008
48.045,-0.013
48.050,-0.009
48.055,-0.001
48.060,-0.031
48.065,0.015
48.070,0.002
48.075,0.009
48.080,0.023
48.085,-0.006
48.090,0.023
48.095,-0.012
48.100,-0.025
48.105,-0.051
48.110,-0.102
48.115,-0.036
48.120,0.013
48.125,0.162
48.130,0.388
48.135,0.572
48.140,0.703
48.145,0.601
48.150,0.395
48.155,0.102
48.160,-0.155
48.165,-0.164
48.170,-0.159
48.175,-0.124
48.180,-0.108
48.185,-0.134
48.190,-0.074
48.195,-0.098
48.200,-0.106
48.205,-0.086
48.210,-0.098
48.215,-0.055
48.220,-0.077
48.225,-0.063
48.230,-0.046
48.235,-0.082
48.240,-0.046
48.245,-0.061
48.250,-0.049
48.255,-0.031
48.260,-0.058
48.265,-0.020
48.270,-0.036
48.275,-0.023
48.280,-0.007
48.285,-0.038
48.290,0.000
48.295,-0.020
48.300,-0.009
48.305,0.006
48.310,-0.028
48.315,0.022
48.320,0.010
48.325,0.018
48.330,0.047
48.335,0.025
48.340,0.064
48.345,0.047
48.350,0.060
48.355,0.079
48.360,0.057
48.365,0.112
48.370,0.093
48.375,0.100
48.380,0.121
48.385,0.094
48.390,0.144
48.395,0.128
48.400,0.124
48.405,0.127
48.410,0.079
48.415,0.102
48.420,0.050
48.425,0.011
48.430,-0.006
48.435,-0.072
48.440,-0.062
48.445,-0.102
48.450,-0.113
48.455,-0.107
48.460,-0.154
48.465,-0.120
48.470,-0.134
48.475,-0.136
48.480,-0.121
48.485,-0.148
48.490,-0.113
48.495,-0.137
48.500,-0.127
48.505,-0.102
48.510,-0.126
48.515,-0.080
48.520,-0.107
48.525,-0.110
48.530,-0.074
48.535,-0.097
48.540,-0.064
48.545,-0.086
48.550,-0.080
48.555,-0.052
48.560,-0.075
48.565,-0.030
48.570,-0.048
48.575,-0.051
48.580,-0.027
48.585,-0.051
48.590,-0.016
48.595,-0.029
48.600,-0.014
48.605,0.007
48.610,-0.029
48.615,0.009
48.620,-0.006
48.625,-0.002
48.630,0.020
48.635,-0.012
48.640,0.021
48.645,0.000
48.650,0.002
48.655,0.028
48.660,-0.002
48.665,0.033
48.670,0.008
48.675,0.003
48.680,0.033
48.685,0.005
48.690,0.030
48.695,0.015
48.700,0.028
48.705,0.051
48.710,0.021
48.715,0.063
48.720,0.040
48.725,0.034
48.730,0.057
48.735,0.022
48.740,0.056
48.745,0.032
48.750,0.018
48.755,0.028
48.760,-0.023
48.765,0.000
48.770,-0.013
48.775,-0.015
48.780,0.008
48.785,-0.021
48.790,0.013
48.795,-0.002
48.800,-0.002
48.805,0.011
48.810,-0.022
48.815,0.029
48.820,0.016
48.825,0.009
48.830,0.030
48.835,-0.031
48.840,-0.039
48.845,-0.060
48.850,-0.036
48.855,0.053
48.860,0.164
48.865,0.419
48.870,0.618
48.875,0.689
48.880,0.622
48.885,0.371
48.890,0.102
48.895,-0.130
48.900,-0.187
48.905,-0.135
48.910,-0.126
48.915,-0.092
48.920,-0.118
48.925,-0.105
48.930,-0.071
48.935,-0.104
48.940,-0.069
48.945,-0.083
48.950,-0.085
48.955,-0.062
48.960,-0.089
48.965,-0.049
48.970,-0.066
48.975,-0.070
48.980,-0.045
48.985,-0.072
48.990,-0.031
48.995,-0.044
49.000,-0.054
49.005,-0.029
49.010,-0.054
49.015,-0.016
49.020,-0.027
49.025,-0.035
49.030,-0.008
49.035,-0.030
49.040,0.010
49.045,0.000
49.050,0.001
49.055,0.025
49.060,-0.009
49.065,0.039
49.070,0.034
49.075,0.027
49.080,0.063
49.085,0.040
49.090,0.078
49.095,0.079
49.100,0.081
49.105,0.106
49.110,0.089
49.115,0.133
49.120,0.116
49.125,0.107
49.130,0.133
49.135,0.099
49.140,0.122
49.145,0.094
49.150,0.064
49.155,0.059
49.160,-0.004
49.165,-0.002
49.170,-0.050
49.175,-0.090
49.180,-0.090
49.185,-0.137
49.190,-0.114
49.195,-0.133
49.200,-0.144
49.205,-0.135
49.210,-0.179
49.215,-0.131
49.220,-0.133
49.225,-0.135
49.230,-0.099
49.235,-0.140
49.240,-0.116
49.245,-0.119
49.250,-0.108
49.255,-0.069
49.260,-0.109
49.265,-0.079
49.270,-0.081
49.275,-0.082
49.280,-0.049
49.285,-0.081
49.290,-0.050
49.295,-0.053
49.300,-0.053
49.305,-0.024
49.310,-0.057
49.315,-0.014
49.320,-0.026
49.325,-0.043
49.330,-0.006
49.335,-0.034
49.340,-0.009
49.345,-0.022
49.350,-0.027
49.355,0.005
49.360,-0.027
49.365,0.005
49.370,-0.005
49.375,-0.014
49.380,0.014
49.385,-0.021
49.390,0.011
49.395,0.007
49.400,0.003
49.405,0.030
49.410,-0.006
49.415,0.025
49.420,0.006
49.425,-0.009
49.430,0.029
49.435,0.004
49.440,0.038
49.445,0.032
49.450,0.031
49.455,0.071
49.460,0.045
49.465,0.071
49.470,0.053
49.475,0.042
49.480,0.075
49.485,0.033
49.490,0.044
49.495,0.024
49.500,-0.004
49.505,0.009
49.510,-0.027
49.515,0.013
49.520,0.006
49.525,-0.023
49.530,0.007
49.535,-0.010
49.540,0.018
49.545,0.001
49.550,-0.011
49.555,0.019
49.560,-0.016
49.565,0.018
49.570,0.009
49.575,-0.027
49.580,-0.032
49.585,-0.091
49.590,-0.055
49.595,0.002
49.600,0.124
49.605,0.343
49.610,0.515
49.615,0.674
49.620,0.633
49.625,0.436
49.630,0.174
49.635,-0.113
49.640,-0.173
49.645,-0.171
49.650,-0.147
49.655,-0.100
49.660,-0.135
49.665,-0.083
49.670,-0.078
49.675,-0.099
49.680,-0.059
49.685,-0.093
49.690,-0.080
49.695,-0.081
49.700,-0.084
49.705,-0.049
49.710,-0.081
49.715,-0.046
49.720,-0.050
49.725,-0.066
49.730,-0.020
49.735,-0.050
49.740,-0.036
49.745,-0.040
49.750,-0.043
49.755,-0.004
49.760,-0.032
49.765,-0.002
49.770,-0.013
49.775,-0.036
49.780,0.007
49.785,-0.013
49.790,0.015
49.795,0.009
49.800,-0.001
49.805,0.039
49.810,0.018
49.815,0.061
49.820,0.063
49.825,0.051
49.830,0.091
49.835,0.064
49.840,0.098
49.845,0.097
49.850,0.080
49.855,0.123
49.860,0.100
49.865,0.131
49.870,0.134
49.875,0.113
49.880,0.146
49.885,0.106
49.890,0.100
49.895,0.066
49.900,0.016
49.905,0.011
49.910,-0.049
49.915,-0.048
49.920,-0.079
49.925,-0.121
49.930,-0.101
49.935,-0.149
49.940,-0.143
49.945,-0.140
49.950,-0.144
49.955,-0.112
49.960,-0.149
49.965,-0.121
49.970,-0.117
49.975,-0.134
49.980,-0.102
49.985,-0.122
49.990,-0.088
49.995,-0.097
50.000,-0.112
50.005,-0.073
50.010,-0.100
50.015,-0.065
50.020,-0.073
50.025,-0.093
50.030,-0.047
50.035,-0.071
50.040,-0.051
50.045,-0.051
50.050,-0.060
50.055,-0.022
50.060,-0.051
50.065,-0.023
50.070,-0.025
50.075,-0.035
50.080,0.009
50.085,-0.031
50.090,-0.013
50.095,-0.006
50.100,-0.023
50.105,0.006
50.110,-0.028
50.115,0.005
50.120,0.007
50.125,-0.016
50.130,0.026
50.135,-0.004
50.140,0.013
50.145,0.017
50.150,0.005
50.155,0.037
50.160,-0.002
50.165,0.019
50.170,0.017
50.175,-0.003
50.180,0.043
50.185,0.015
50.190,0.033
50.195,0.039
50.200,0.025
50.205,0.069
50.210,0.042
50.215,0.062
50.220,0.066
50.225,0.050
50.230,0.090
50.235,0.054
50.240,0.065
50.245,0.057
50.250,0.015
50.255,0.027
50.260,-0.025
50.265,-0.008
50.270,-0.002
50.275,-0.026
50.280,0.012
50.285,-0.016
50.290,0.005
50.295,0.010
50.300,-0.014
50.305,0.022
50.310,-0.008
50.315,0.011
50.320,0.006
50.325,-0.026
50.330,-0.006
50.335,-0.075
50.340,-0.085
50.345,-0.060
50.350,0.006
50.355,0.203
50.360,0.397
50.365,0.641
50.370,0.736
50.375,0.620
50.380,0.415
50.385,0.060
50.390,-0.149
50.395,-0.194
50.400,-0.194
50.405,-0.128
50.410,-0.154
50.415,-0.121
50.420,-0.089
50.425,-0.123
50.430,-0.092
50.435,-0.105
50.440,-0.075
50.445,-0.066
50.450,-0.086
50.455,-0.051
50.460,-0.085
50.465,-0.058
50.470,-0.043
50.475,-0.066
50.480,-0.032
50.485,-0.062
50.490,-0.039
50.495,-0.031
50.500,-0.053
50.505,-0.010
50.510,-0.032
50.515,-0.007
50.520,-0.005
50.525,-0.035
50.530,0.011
50.535,-0.011
50.540,0.007
50.545,0.020
50.550,-0.005
50.555,0.031
50.560,0.017
50.565,0.054
50.570,0.070
50.575,0.045
50.580,0.089
50.585,0.073
50.590,0.095
50.595,0.107
50.600,0.091
50.605,0.132
50.610,0.112
50.615,0.141
50.620,0.145
50.625,0.115
50.630,0.160
50.635,0.128
50.640,0.124
50.645,0.099
50.650,0.039
50.655,0.049
50.660,-0.019
50.665,-0.045
50.670,-0.074
50.675,-0.133
50.680,-0.100
50.685,-0.136
50.690,-0.147
50.695,-0.144
50.700,-0.171
50.705,-0.143
50.710,-0.168
50.715,-0.152
50.720,-0.146
50.725,-0.161
50.730,-0.109
50.735,-0.129
50.740,-0.117
50.745,-0.112
50.750,-0.131
50.755,-0.088
50.760,-0.121
50.765,-0.093
50.770,-0.061
50.775,-0.090
50.780,-0.054
50.785,-0.085
50.790,-0.073
50.795,-0.049
50.800,-0.081
50.805,-0.049
50.810,-0.070
50.815,-0.042
50.820,-0.023
50.825,-0.057
50.830,-0.012
50.835,-0.031
50.840,-0.021
50.845,-0.002
50.850,-0.037
50.855,-0.006
50.860,-0.011
50.865,0.007
50.870,0.008
50.875,-0.024
50.880,0.009
50.885,-0.016
50.890,-0.002
50.895,0.016
50.900,-0.009
50.905,0.025
50.910,0.004
50.915,0.015
50.920,0.028
50.925,0.006
50.930,0.037
50.935,0.003
50.940,0.014
50.945,0.037
50.950,0.026
50.955,0.076
50.960,0.050
50.965,0.063
50.970,0.078
50.975,0.044
50.980,0.084
50.985,0.048
50.990,0.038
50.995,0.047
51.000,0.000
51.005,0.003
51.010,-0.034
51.015,-0.014
51.020,0.015
51.025,-0.010
51.030,0.017
51.035,-0.002
51.040,0.017
51.045,0.027
51.050,-0.010
51.055,0.014
51.060,-0.019
51.065,-0.004
51.070,0.016
51.075,-0.023
51.080,-0.009
51.085,-0.071
51.090,-0.078
51.095,-0.010
51.100,0.093
51.105,0.334
51.110,0.542
51.115,0.711
51.120,0.709
51.125,0.483
51.130,0.206
51.135,-0.092
51.140,-0.189
51.145,-0.179
51.150,-0.182
51.155,-0.126
51.160,-0.150
51.165,-0.111
51.170,-0.072
51.175,-0.124
51.180,-0.079
51.185,-0.082
51.190,-0.093
51.195,-0.083
51.200,-0.101
51.205,-0.058
51.210,-0.064
51.215,-0.046
51.220,-0.047
51.225,-0.091
51.230,-0.037
51.235,-0.062
51.240,-0.063
51.245,-0.019
51.250,-0.041
51.255,-0.006
51.260,-0.034
51.265,-0.032
51.270,0.005
51.275,-0.030
51.280,-0.001
51.285,-0.020
51.290,-0.015
51.295,0.006
51.300,-0.028
51.305,0.015
51.310,0.017
51.315,0.028
51.320,0.045
51.325,0.031
51.330,0.084
51.335,0.066
51.340,0.070
51.345,0.090
51.350,0.065
51.355,0.103
51.360,0.087
51.365,0.098
51.370,0.118
51.375,0.078
51.380,0.115
51.385,0.096
51.390,0.082
51.395,0.073
51.400,0.003
51.405,-0.007
51.410,-0.058
51.415,-0.073
51.420,-0.092
51.425,-0.156
51.430,-0.121
51.435,-0.140
51.440,-0.133
51.445,-0.120
51.450,-0.172
51.455,-0.119
51.460,-0.122
51.465,-0.117
51.470,-0.089
51.475,-0.112
51.480,-0.052
51.485,-0.063
51.490,-0.064
51.495,-0.045
51.500,-0.075
51.505,-0.023
51.510,-0.026
51.515,-0.016
51.520,-0.003
51.525,-0.034
51.530,0.018
51.535,0.007
51.540,0.011
51.545,0.053
51.550,0.032
51.555,0.045
51.560,0.022
51.565,0.028
51.570,0.052
51.575,0.019
51.580,0.053
51.585,0.049
51.590,0.049
51.595,0.060
51.600,0.028
51.605,0.056
51.610,0.029
51.615,0.028
51.620,0.031
51.625,-0.016
51.630,0.030
51.635,0.016
51.640,0.002
51.645,0.010
51.650,-0.013
51.655,0.028
51.660,-0.005
51.665,-0.017
51.670,0.009
51.675,-0.012
51.680,0.017
51.685,-0.021
51.690,-0.016
51.695,0.027
51.700,0.000
51.705,0.036
51.710,0.025
51.715,0.026
51.720,0.043
51.725,-0.001
51.730,0.031
51.735,0.010
51.740,0.006
51.745,0.014
51.750,-0.058
51.755,-0.037
51.760,-0.038
51.765,-0.030
51.770,-0.013
51.775,-0.058
51.780,-0.010
51.785,-0.010
51.790,-0.027
51.795,-0.001
51.800,-0.022
51.805,0.004
51.810,-0.020
51.815,-0.037
51.820,-0.046
51.825,-0.110
51.830,-0.070
51.835,-0.054
51.840,0.029
51.845,0.217
51.850,0.377
51.855,0.579
51.860,0.600
51.865,0.476
51.870,0.250
51.875,-0.074
51.880,-0.184
51.885,-0.227
51.890,-0.207
51.895,-0.135
51.900,-0.159
51.905,-0.098
51.910,-0.082
51.915,-0.099
51.920,-0.070
51.925,-0.093
51.930,-0.049
51.935,-0.049
51.940,-0.074
51.945,-0.059
51.950,-0.069
51.955,-0.025
51.960,-0.037
51.965,-0.041
51.970,-0.025
51.975,-0.048
51.980,-0.002
51.985,-0.030
51.990,-0.038
51.995,-0.002
52.000,-0.040
52.005,-0.011
52.010,-0.012
52.015,0.003
52.020,0.031
52.025,-0.024
52.030,0.006
52.035,0.012
52.040,0.018
52.045,0.049
52.050,0.013
52.055,0.053
52.060,0.048
52.065,0.050
52.070,0.084
52.075,0.044
52.080,0.090
52.085,0.100
52.090,0.099
52.095,0.130
52.100,0.094
52.105,0.129
52.110,0.132
52.115,0.128
52.120,0.139
52.125,0.087
52.130,0.111
52.135,0.086
52.140,0.048
52.145,0.017
52.150,-0.065
52.155,-0.058
52.160,-0.089
52.165,-0.117
52.170,-0.121
52.175,-0.167
52.180,-0.131
52.185,-0.141
52.190,-0.151
52.195,-0.134
52.200,-0.176
52.205,-0.140
52.210,-0.127
52.215,-0.119
52.220,-0.116
52.225,-0.167
52.230,-0.123
52.235,-0.124
52.240,-0.125
52.245,-0.075
52.250,-0.103
52.255,-0.081
52.260,-0.084
52.265,-0.086
52.270,-0.058
52.275,-0.084
52.280,-0.037
52.285,-0.028
52.290,-0.039
52.295,-0.016
52.300,-0.040
52.305,-0.005
52.310,-0.005
52.315,-0.001
52.320,0.025
52.325,-0.013
52.330,0.016
52.335,0.004
52.340,0.001
52.345,0.036
52.350,0.009
52.355,0.040
52.360,0.023
52.365,0.016
52.370,0.041
52.375,0.002
52.380,0.033
52.385,0.031
52.390,0.031
52.395,0.066
52.400,0.028
52.405,0.041
52.410,0.036
52.415,0.055
52.420,0.089
52.425,0.040
52.430,0.057
52.435,0.041
52.440,0.048
52.445,0.083
52.450,0.025
52.455,0.048
52.460,0.042
52.465,0.016
52.470,0.021
52.475,-0.030
52.480,0.005
52.485,-0.008
52.490,-0.028
52.495,0.004
52.500,-0.048
52.505,-0.026
52.510,-0.019
52.515,-0.026
52.520,0.002
52.525,-0.038
52.530,-0.005
52.535,0.003
52.540,-0.017
52.545,-0.024
52.550,-0.094
52.555,-0.089
52.560,-0.092
52.565,-0.023
52.570,0.175
52.575,0.370
52.580,0.626
52.585,0.713
52.590,0.609
52.595,0.414
52.600,0.071
52.605,-0.126
52.610,-0.205
52.615,-0.226
52.620,-0.160
52.625,-0.163
52.630,-0.109
52.635,-0.090
52.640,-0.116
52.645,-0.090
52.650,-0.108
52.655,-0.079
52.660,-0.086
52.665,-0.083
52.670,-0.056
52.675,-0.109
52.680,-0.067
52.685,-0.055
52.690,-0.070
52.695,-0.034
52.700,-0.060
52.705,-0.028
52.710,-0.034
52.715,-0.045
52.720,0.004
52.725,-0.017
52.730,0.009
52.735,0.000
52.740,-0.010
52.745,0.028
52.750,-0.007
52.755,0.027
52.760,0.033
52.765,0.019
52.770,0.063
52.775,0.037
52.780,0.072
52.785,0.082
52.790,0.079
52.795,0.125
52.800,0.090
52.805,0.113
52.810,0.123
52.815,0.129
52.820,0.164
52.825,0.128
52.830,0.164
52.835,0.152
52.840,0.131
52.845,0.180
52.850,0.140
52.855,0.133
52.860,0.092
52.865,0.030
52.870,0.019
52.875,-0.051
52.880,-0.056
52.885,-0.087
52.890,-0.128
52.895,-0.109
52.900,-0.161
52.905,-0.159
52.910,-0.166
52.915,-0.168
52.920,-0.135
52.925,-0.188
52.930,-0.152
52.935,-0.148
52.940,-0.181
52.945,-0.135
52.950,-0.156
52.955,-0.124
52.960,-0.112
52.965,-0.134
52.970,-0.102
52.975,-0.116
52.980,-0.084
52.985,-0.087
52.990,-0.101
52.995,-0.066
53.000,-0.089
53.005,-0.060
53.010,-0.070
53.015,-0.083
53.020,-0.024
53.025,-0.049
53.030,-0.044
53.035,-0.053
53.040,-0.065
53.045,-0.016
53.050,-0.041
53.055,-0.014
53.060,0.000
53.065,-0.021
53.070,0.001
53.075,-0.023
53.080,0.032
53.085,0.035
53.090,-0.013
53.095,0.019
53.100,-0.007
53.105,0.026
53.110,0.040
53.115,0.025
53.120,0.065
53.125,0.035
53.130,0.061
53.135,0.069
53.140,0.048
53.145,0.082
53.150,0.059
53.155,0.090
53.160,0.088
53.165,0.049
53.170,0.067
53.175,0.042
53.180,0.057
53.185,0.019
53.190,-0.028
53.195,0.009
53.200,-0.020
53.205,-0.004
53.210,-0.002
53.215,-0.021
53.220,0.014
53.225,-0.016
53.230,0.018
53.235,0.011
53.240,-0.033
53.245,0.008
53.250,-0.008
53.255,0.021
53.260,-0.008
53.265,-0.099
53.270,-0.096
53.275,-0.090
53.280,0.022
53.285,0.177
53.290,0.364
53.295,0.637
53.300,0.740
53.305,0.680
53.310,0.451
53.315,0.097
53.320,-0.130
53.325,-0.228
53.330,-0.203
53.335,-0.178
53.340,-0.189
53.345,-0.144
53.350,-0.135
53.355,-0.106
53.360,-0.094
53.365,-0.100
53.370,-0.082
53.375,-0.127
53.380,-0.096
53.385,-0.074
53.390,-0.097
53.395,-0.044
53.400,-0.050
53.405,-0.032
53.410,-0.032
53.415,-0.060
53.420,-0.012
53.425,-0.032
53.430,-0.024
53.435,-0.012
53.440,-0.029
53.445,0.011
53.450,-0.011
53.455,0.005
53.460,0.018
53.465,0.004
53.470,0.045
53.475,0.022
53.480,0.046
53.485,0.059
53.490,0.040
53.495,0.074
53.500,0.051
53.505,0.080
53.510,0.096
53.515,0.091
53.520,0.133
53.525,0.103
53.530,0.136
53.535,0.139
53.540,0.118
53.545,0.177
53.550,0.149
53.555,0.156
53.560,0.155
53.565,0.131
53.570,0.145
53.575,0.065
53.580,0.038
53.585,0.009
53.590,-0.034
53.595,-0.017
53.600,-0.096
53.605,-0.126
53.610,-0.134
53.615,-0.173
53.620,-0.142
53.625,-0.170
53.630,-0.162
53.635,-0.159
53.640,-0.185
53.645,-0.138
53.650,-0.155
53.655,-0.138
53.660,-0.136
53.665,-0.161
53.670,-0.111
53.675,-0.136
53.680,-0.108
53.685,-0.091
53.690,-0.123
53.695,-0.077
53.700,-0.099
53.705,-0.084
53.710,-0.062
53.715,-0.085
53.720,-0.054
53.725,-0.084
53.730,-0.059
53.735,-0.033
53.740,-0.053
53.745,-0.019
53.750,-0.057
53.755,-0.041
53.760,-0.009
53.765,-0.018
53.770,0.008
53.775,-0.036
53.780,-0.017
53.785,0.001
53.790,-0.024
53.795,0.018
53.800,-0.001
53.805,0.026
53.810,0.038
53.815,-0.008
53.820,0.026
53.825,0.012
53.830,0.024
53.835,0.021
53.840,-0.005
53.845,0.056
53.850,0.047
53.855,0.053
53.860,0.062
53.865,0.050
53.870,0.082
53.875,0.034
53.880,0.042
53.885,0.043
53.890,0.003
53.895,0.036
53.900,-0.010
53.905,-0.019
53.910,-0.022
53.915,-0.049
53.920,0.005
53.925,-0.014
53.930,-0.002
53.935,0.004
53.940,-0.034
53.945,0.012
53.950,-0.005
53.955,-0.015
53.960,0.005
53.965,-0.004
53.970,0.009
53.975,-0.038
53.980,-0.056
53.985,-0.072
53.990,-0.087
53.995,0.029
54.000,0.171
54.005,0.404
54.010,0.620
54.015,0.665
54.020,0.618
54.025,0.380
54.030,0.073
54.035,-0.138
54.040,-0.222
54.045,-0.163
54.050,-0.145
54.055,-0.122
54.060,-0.089
54.065,-0.090
54.070,-0.059
54.075,-0.095
54.080,-0.071
54.085,-0.048
54.090,-0.082
54.095,-0.045
54.100,-0.072
54.105,-0.056
54.110,-0.029
54.115,-0.051
54.120,-0.014
54.125,-0.043
54.130,-0.025
54.135,-0.005
54.140,-0.053
54.145,0.004
54.150,0.005
54.155,-0.006
54.160,-0.005
54.165,-0.032
54.170,0.022
54.175,0.007
54.180,0.007
54.185,0.023
54.190,-0.002
54.195,0.050
54.200,0.033
54.205,0.042
54.210,0.068
54.215,0.034
54.220,0.075
54.225,0.060
54.230,0.082
54.235,0.119
54.240,0.087
54.245,0.135
54.250,0.119
54.255,0.123
54.260,0.148
54.265,0.121
54.270,0.168
54.275,0.139
54.280,0.115
54.285,0.107
54.290,0.056
54.295,0.065
54.300,-0.001
54.305,-0.038
54.310,-0.044
54.315,-0.106
54.320,-0.103
54.325,-0.130
54.330,-0.125
54.335,-0.125
54.340,-0.180
54.345,-0.147
54.350,-0.163
54.355,-0.161
54.360,-0.124
54.365,-0.149
54.370,-0.115
54.375,-0.128
54.380,-0.125
54.385,-0.104
54.390,-0.136
54.395,-0.095
54.400,-0.105
54.405,-0.099
54.410,-0.083
54.415,-0.118
54.420,-0.079
54.425,-0.087
54.430,-0.068
54.435,-0.053
54.440,-0.095
54.445,-0.051
54.450,-0.056
54.455,-0.047
54.460,-0.033
54.465,-0.071
54.470,-0.028
54.475,-0.033
54.480,-0.030
54.485,-0.011
54.490,-0.041
54.495,0.002
54.500,-0.014
54.505,-0.012
54.510,0.014
54.515,-0.024
54.520,0.003
54.525,-0.010
54.530,0.009
54.535,0.038
54.540,-0.001
54.545,0.033
54.550,0.009
54.555,0.001
54.560,0.040
54.565,0.022
54.570,0.061
54.575,0.054
54.580,0.051
54.585,0.068
54.590,0.031
54.595,0.062
54.600,0.043
54.605,0.030
54.610,0.041
54.615,-0.003
54.620,0.009
54.625,-0.019
54.630,-0.012
54.635,0.006
54.640,-0.028
54.645,0.021
54.650,0.008
54.655,0.000
54.660,0.017
54.665,-0.021
54.670,0.012
54.675,-0.004
54.680,0.006
54.685,0.045
54.690,0.001
54.695,-0.009
54.700,-0.073
54.705,-0.078
54.710,0.005
54.715,0.091
54.720,0.302
54.725,0.489
54.730,0.642
54.735,0.689
54.740,0.526
54.745,0.294
54.750,-0.020
54.755,-0.181
54.760,-0.168
54.765,-0.179
54.770,-0.131
54.775,-0.135
54.780,-0.108
54.785,-0.064
54.790,-0.113
54.795,-0.078
54.800,-0.065
54.805,-0.069
54.810,-0.071
54.815,-0.107
54.820,-0.061
54.825,-0.055
54.830,-0.048
54.835,-0.045
54.840,-0.090
54.845,-0.045
54.850,-0.048
54.855,-0.047
54.860,-0.022
54.865,-0.058
54.870,-0.023
54.875,-0.037
54.880,-0.033
54.885,0.009
54.890,-0.025
54.895,0.004
54.900,-0.015
54.905,-0.029
54.910,0.019
54.915,0.007
54.920,0.042
54.925,0.037
54.930,0.034
54.935,0.057
54.940,0.040
54.945,0.098
54.950,0.089
54.955,0.090
54.960,0.145
54.965,0.113
54.970,0.139
54.975,0.140
54.980,0.136
54.985,0.162
54.990,0.127
54.995,0.153
55.000,0.138
55.005,0.110
55.010,0.097
55.015,0.041
55.020,0.041
55.025,-0.040
55.030,-0.083
55.035,-0.073
55.040,-0.129
55.045,-0.102
55.050,-0.129
55.055,-0.155
55.060,-0.120
55.065,-0.152
55.070,-0.138
55.075,-0.149
55.080,-0.137
55.085,-0.109
55.090,-0.150
55.095,-0.106
55.100,-0.113
55.105,-0.125
55.110,-0.093
55.115,-0.123
55.120,-0.078
55.125,-0.075
55.130,-0.086
55.135,-0.066
55.140,-0.089
55.145,-0.053
55.150,-0.068
55.155,-0.063
55.160,-0.036
55.165,-0.070
55.170,-0.028
55.175,-0.047
55.180,-0.049
55.185,-0.010
55.190,-0.045
55.195,-0.007
55.200,-0.040
55.205,-0.056
55.210,0.009
55.215,-0.019
55.220,-0.005
55.225,-0.013
55.230,-0.015
55.235,0.019
55.240,-0.019
55.245,0.009
55.250,0.004
55.255,-0.006
55.260,0.032
55.265,0.008
55.270,0.040
55.275,0.044
55.280,0.045
55.285,0.061
55.290,0.016
55.295,0.053
55.300,0.057
55.305,0.051
55.310,0.072
55.315,0.027
55.320,0.052
55.325,0.041
55.330,0.017
55.335,0.018
55.340,-0.041
55.345,-0.005
55.350,-0.003
55.355,-0.018
55.360,0.010
55.365,-0.015
55.370,0.010
55.375,-0.007
55.380,-0.010
55.385,0.029
55.390,-0.002
55.395,0.021
55.400,0.004
55.405,-0.026
55.410,-0.029
55.415,-0.096
55.420,-0.064
55.425,-0.032
55.430,0.044
55.435,0.258
55.440,0.477
55.445,0.720
55.450,0.757
55.455,0.611
55.460,0.384
55.465,0.026
55.470,-0.152
55.475,-0.203
55.480,-0.199
55.485,-0.139
55.490,-0.169
55.495,-0.125
55.500,-0.097
55.505,-0.108
55.510,-0.087
55.515,-0.114
55.520,-0.075
55.525,-0.073
55.530,-0.081
55.535,-0.067
55.540,-0.115
55.545,-0.067
55.550,-0.057
55.555,-0.073
55.560,-0.033
55.565,-0.061
55.570,-0.035
55.575,-0.042
55.580,-0.053
55.585,-0.013
55.590,-0.045
55.595,-0.014
55.600,-0.016
55.605,-0.025
55.610,0.018
55.615,-0.017
55.620,0.009
55.625,0.008
55.630,0.000
55.635,0.051
55.640,0.019
55.645,0.042
55.650,0.052
55.655,0.040
55.660,0.090
55.665,0.081
55.670,0.111
55.675,0.111
55.680,0.107
55.685,0.142
55.690,0.117
55.695,0.159
55.700,0.153
55.705,0.129
55.710,0.168
55.715,0.115
55.720,0.104
55.725,0.074
55.730,0.018
55.735,0.011
55.740,-0.053
55.745,-0.061
55.750,-0.090
55.755,-0.135
55.760,-0.122
55.765,-0.164
55.770,-0.153
55.775,-0.152
55.780,-0.155
55.785,-0.127
55.790,-0.177
55.795,-0.160
55.800,-0.147
55.805,-0.150
55.810,-0.114
55.815,-0.142
55.820,-0.117
55.825,-0.106
55.830,-0.113
55.835,-0.077
55.840,-0.105
55.845,-0.082
55.850,-0.081
55.855,-0.096
55.860,-0.047
55.865,-0.064
55.870,-0.052
55.875,-0.060
55.880,-0.069
55.885,-0.034
55.890,-0.057
55.895,-0.020
55.900,-0.028
55.905,-0.044
55.910,0.005
55.915,-0.035
55.920,-0.020
55.925,-0.015
55.930,-0.027
55.935,0.012
55.940,-0.026
55.945,-0.007
55.950,-0.005
55.955,-0.013
55.960,0.029
55.965,-0.016
55.970,0.002
55.975,0.016
55.980,0.013
55.985,0.049
55.990,0.017
55.995,0.059
56.000,0.070
56.005,0.037
56.010,0.067
56.015,0.043
56.020,0.080
56.025,0.084
56.030,0.030
56.035,0.045
56.040,0.012
56.045,0.026
56.050,0.007
56.055,-0.036
56.060,0.004
56.065,-0.017
56.070,0.000
56.075,0.004
56.080,-0.003
56.085,0.047
56.090,0.002
56.095,-0.002
56.100,0.000
56.105,-0.018
56.110,0.031
56.115,0.012
56.120,0.015
56.125,-0.009
56.130,-0.069
56.135,-0.061
56.140,-0.066
56.145,0.062
56.150,0.260
56.155,0.479
56.160,0.730
56.165,0.745
56.170,0.618
56.175,0.357
56.180,0.005
56.185,-0.164
56.190,-0.224
56.195,-0.167
56.200,-0.134
56.205,-0.168
56.210,-0.118
56.215,-0.112
56.220,-0.074
56.225,-0.074
56.230,-0.098
56.235,-0.066
56.240,-0.108
56.245,-0.074
56.250,-0.062
56.255,-0.088
56.260,-0.044
56.265,-0.072
56.270,-0.059
56.275,-0.051
56.280,-0.059
56.285,-0.018
56.290,-0.057
56.295,-0.028
56.300,-0.012
56.305,-0.045
56.310,-0.005
56.315,-0.021
56.320,-0.003
56.325,0.002
56.330,-0.024
56.335,0.013
56.340,0.003
56.345,0.027
56.350,0.034
56.355,0.033
56.360,0.081
56.365,0.047
56.370,0.059
56.375,0.080
56.380,0.079
56.385,0.118
56.390,0.094
56.395,0.129
56.400,0.152
56.405,0.112
56.410,0.134
56.415,0.118
56.420,0.135
56.425,0.154
56.430,0.113
56.435,0.098
56.440,0.058
56.445,0.040
56.450,-0.004
56.455,-0.052
56.460,-0.040
56.465,-0.106
56.470,-0.130
56.475,-0.140
56.480,-0.162
56.485,-0.121
56.490,-0.166
56.495,-0.166
56.500,-0.151
56.505,-0.164
56.510,-0.121
56.515,-0.150
56.520,-0.135
56.525,-0.133
56.530,-0.152
56.535,-0.093
56.540,-0.119
56.545,-0.111
56.550,-0.093
56.555,-0.114
56.560,-0.067
56.565,-0.086
56.570,-0.074
56.575,-0.060
56.580,-0.075
56.585,-0.021
56.590,-0.040
56.595,-0.036
56.600,-0.037
56.605,-0.066
56.610,-0.005
56.615,-0.025
56.620,-0.035
56.625,-0.012
56.630,-0.026
56.635,0.000
56.640,-0.023
56.645,0.003
56.650,0.018
56.655,-0.008
56.660,0.023
56.665,-0.023
56.670,-0.010
56.675,0.013
56.680,-0.005
56.685,0.039
56.690,0.003
56.695,0.004
56.700,0.017
56.705,-0.009
56.710,0.040
56.715,0.026
56.720,0.021
56.725,0.023
56.730,0.009
56.735,0.067
56.740,0.055
56.745,0.060
56.750,0.064
56.755,0.036
56.760,0.080
56.765,0.039
56.770,0.022
56.775,0.033
56.780,0.003
56.785,0.020
56.790,-0.021
56.795,-0.004
56.800,0.009
56.805,-0.023
56.810,0.025
56.815,0.005
56.820,0.021
56.825,0.040
56.830,-0.006
56.835,0.022
56.840,0.016
56.845,0.034
56.850,0.029
56.855,-0.028
56.860,-0.021
56.865,-0.065
56.870,-0.047
56.875,0.012
56.880,0.112
56.885,0.353
56.890,0.533
56.895,0.677
56.900,0.665
56.905,0.456
56.910,0.206
56.915,-0.092
56.920,-0.187
56.925,-0.160
56.930,-0.160
56.935,-0.106
56.940,-0.124
56.945,-0.095
56.950,-0.073
56.955,-0.127
56.960,-0.082
56.965,-0.076
56.970,-0.067
56.975,-0.053
56.980,-0.082
56.985,-0.058
56.990,-0.078
56.995,-0.050
57.000,-0.039
57.005,-0.072
57.010,-0.019
57.015,-0.052
57.020,-0.062
57.025,-0.032
57.030,-0.050
57.035,-0.018
57.040,-0.042
57.045,-0.021
57.050,0.008
57.055,-0.027
57.060,0.011
57.065,-0.006
57.070,0.012
57.075,0.035
57.080,0.002
57.085,0.048
57.090,0.025
57.095,0.037
57.100,0.081
57.105,0.050
57.110,0.091
57.115,0.084
57.120,0.095
57.125,0.127
57.130,0.102
57.135,0.136
57.140,0.124
57.145,0.142
57.150,0.169
57.155,0.136
57.160,0.155
57.165,0.102
57.170,0.068
57.175,0.058
57.180,0.011
57.185,0.021
57.190,-0.050
57.195,-0.089
57.200,-0.097
57.205,-0.148
57.210,-0.119
57.215,-0.152
57.220,-0.151
57.225,-0.128
57.230,-0.173
57.235,-0.150
57.240,-0.163
57.245,-0.141
57.250,-0.126
57.255,-0.161
57.260,-0.108
57.265,-0.120
57.270,-0.113
57.275,-0.083
57.280,-0.117
57.285,-0.092
57.290,-0.097
57.295,-0.085
57.300,-0.081
57.305,-0.113
57.310,-0.060
57.315,-0.063
57.320,-0.056
57.325,-0.044
57.330,-0.082
57.335,-0.043
57.340,-0.055
57.345,-0.039
57.350,-0.003
57.355,-0.044
57.360,-0.021
57.365,-0.033
57.370,-0.030
57.375,-0.008
57.380,-0.032
57.385,0.003
57.390,-0.010
57.395,0.002
57.400,0.021
57.405,-0.015
57.410,0.023
57.415,0.010
57.420,0.014
57.425,0.035
57.430,-0.011
57.435,0.010
57.440,0.010
57.445,0.023
57.450,0.032
57.455,0.005
57.460,0.065
57.465,0.063
57.470,0.055
57.475,0.067
57.480,0.049
57.485,0.084
57.490,0.043
57.495,0.031
57.500,0.057
57.505,0.028
57.510,0.033
57.515,-0.027
57.520,-0.032
57.525,0.001
57.530,-0.029
57.535,0.003
57.540,-0.016
57.545,-0.003
57.550,0.022
57.555,-0.011
57.560,0.033
57.565,-0.001
57.570,-0.018
57.575,0.021
57.580,-0.001
57.585,0.003
57.590,-0.053
57.595,-0.077
57.600,-0.057
57.605,-0.049
57.610,0.095
57.615,0.282
57.620,0.531
57.625,0.743
57.630,0.736
57.635,0.610
57.640,0.291
57.645,-0.035
57.650,-0.177
57.655,-0.218
57.660,-0.144
57.665,-0.149
57.670,-0.171
57.675,-0.124
57.680,-0.117
57.685,-0.092
57.690,-0.124
57.695,-0.111
57.700,-0.075
57.705,-0.111
57.710,-0.063
57.715,-0.068
57.720,-0.071
57.725,-0.046
57.730,-0.083
57.735,-0.041
57.740,-0.061
57.745,-0.084
57.750,-0.052
57.755,-0.065
57.760,-0.010
57.765,-0.024
57.770,-0.051
57.775,-0.019
57.780,-0.028
57.785,0.003
57.790,-0.013
57.795,-0.001
57.800,0.029
57.805,-0.006
57.810,0.047
57.815,0.043
57.820,0.024
57.825,0.058
57.830,0.038
57.835,0.092
57.840,0.092
57.845,0.076
57.850,0.114
57.855,0.100
57.860,0.142
57.865,0.151
57.870,0.145
57.875,0.153
57.880,0.126
57.885,0.162
57.890,0.150
57.895,0.131
57.900,0.115
57.905,0.051
57.910,0.061
57.915,-0.004
57.920,-0.059
57.925,-0.046
57.930,-0.104
57.935,-0.106
57.940,-0.133
57.945,-0.158
57.950,-0.146
57.955,-0.177
57.960,-0.150
57.965,-0.165
57.970,-0.164
57.975,-0.121
57.980,-0.151
57.985,-0.134
57.990,-0.143
57.995,-0.143
58.000,-0.114
58.005,-0.143
58.010,-0.106
58.015,-0.098
58.020,-0.093
58.025,-0.070
58.030,-0.101
58.035,-0.066
58.040,-0.077
58.045,-0.078
58.050,-0.049
58.055,-0.084
58.060,-0.042
58.065,-0.050
58.070,-0.069
58.075,-0.030
58.080,-0.041
58.085,-0.008
58.090,-0.024
58.095,-0.044
58.100,-0.014
58.105,-0.025
58.110,0.017
58.115,0.006
58.120,-0.014
58.125,0.012
58.130,-0.010
58.135,0.021
58.140,0.014
58.145,0.014
58.150,0.033
58.155,-0.012
58.160,0.032
58.165,0.023
58.170,0.007
58.175,0.049
58.180,0.010
58.185,0.046
58.190,0.063
58.195,0.058
58.200,0.087
58.205,0.056
58.210,0.080
58.215,0.060
58.220,0.039
58.225,0.065
58.230,0.037
58.235,0.061
58.240,0.009
58.245,-0.039
58.250,-0.013
58.255,-0.031
58.260,0.016
58.265,-0.006
58.270,-0.034
58.275,0.010
58.280,-0.008
58.285,0.021
58.290,0.005
58.295,-0.014
58.300,0.013
58.305,-0.013
58.310,0.023
58.315,0.004
58.320,-0.046
58.325,-0.066
58.330,-0.111
58.335,-0.038
58.340,0.076
58.345,0.285
58.350,0.567
58.355,0.730
58.360,0.803
58.365,0.640
58.370,0.322
58.375,0.017
58.380,-0.206
58.385,-0.207
58.390,-0.174
58.395,-0.156
58.400,-0.137
58.405,-0.148
58.410,-0.086
58.415,-0.096
58.420,-0.113
58.425,-0.081
58.430,-0.106
58.435,-0.078
58.440,-0.093
58.445,-0.090
58.450,-0.047
58.455,-0.075
58.460,-0.039
58.465,-0.062
58.470,-0.083
58.475,-0.032
58.480,-0.054
58.485,-0.025
58.490,-0.018
58.495,-0.024
58.500,-0.015
58.505,-0.054
58.510,-0.005
58.515,-0.006
58.520,-0.024
58.525,0.017
58.530,-0.009
58.535,0.020
58.540,0.012
58.545,-0.006
58.550,0.046
58.555,0.034
58.560,0.068
58.565,0.068
58.570,0.070
58.575,0.125
58.580,0.087
58.585,0.111
58.590,0.118
58.595,0.107
58.600,0.148
58.605,0.113
58.610,0.147
58.615,0.155
58.620,0.129
58.625,0.151
58.630,0.084
58.635,0.065
58.640,0.036
58.645,0.000
58.650,-0.015
58.655,-0.109
58.660,-0.107
58.665,-0.117
58.670,-0.145
58.675,-0.121
58.680,-0.178
58.685,-0.173
58.690,-0.168
58.695,-0.168
58.700,-0.120
58.705,-0.158
58.710,-0.149
58.715,-0.145
58.720,-0.150
58.725,-0.109
58.730,-0.133
58.735,-0.105
58.740,-0.099
58.745,-0.105
58.750,-0.080
58.755,-0.115
58.760,-0.072
58.765,-0.080
58.770,-0.106
58.775,-0.048
58.780,-0.071
58.785,-0.052
58.790,-0.056
58.795,-0.078
58.800,-0.024
58.805,-0.044
58.810,-0.034
58.815,-0.028
58.820,-0.035
58.825,-0.003
58.830,-0.033
58.835,-0.014
58.840,-0.007
58.845,-0.021
58.850,0.000
58.855,-0.021
58.860,0.013
58.865,0.004
58.870,-0.021
58.875,0.020
58.880,-0.001
58.885,0.015
58.890,0.015
58.895,0.011
58.900,0.044
58.905,-0.001
58.910,0.028
58.915,0.043
58.920,0.013
58.925,0.036
58.930,-0.004
58.935,0.017
58.940,0.039
58.945,0.035
58.950,0.084
58.955,0.069
58.960,0.082
58.965,0.068
58.970,0.054
58.975,0.085
58.980,0.042
58.985,0.066
58.990,0.053
58.995,-0.001
59.000,0.004
59.005,-0.038
59.010,0.003
59.015,0.014
59.020,-0.017
59.025,0.030
59.030,0.010
59.035,0.014
59.040,0.009
59.045,-0.007
59.050,0.030
59.055,-0.002
59.060,0.019
59.065,0.022
59.070,-0.025
59.075,-0.024
59.080,-0.072
59.085,-0.054
59.090,-0.011
59.095,0.093
59.100,0.330
59.105,0.521
59.110,0.703
59.115,0.705
59.120,0.503
59.125,0.233
59.130,-0.086
59.135,-0.183
59.140,-0.181
59.145,-0.178
59.150,-0.123
59.155,-0.143
59.160,-0.092
59.165,-0.079
59.170,-0.122
59.175,-0.073
59.180,-0.089
59.185,-0.083
59.190,-0.070
59.195,-0.072
59.200,-0.040
59.205,-0.070
59.210,-0.052
59.215,-0.062
59.220,-0.067
59.225,-0.012
59.230,-0.053
59.235,-0.036
59.240,-0.021
59.245,-0.042
59.250,-0.010
59.255,-0.036
59.260,-0.011
59.265,-0.005
59.270,-0.036
59.275,0.007
59.280,-0.003
59.285,0.024
59.290,0.031
59.295,0.005
59.300,0.036
59.305,0.015
59.310,0.054
59.315,0.079
59.320,0.051
59.325,0.088
59.330,0.074
59.335,0.093
59.340,0.107
59.345,0.099
59.350,0.141
59.355,0.113
59.360,0.133
59.365,0.137
59.370,0.116
59.375,0.154
59.380,0.100
59.385,0.088
59.390,0.075
59.395,0.023
59.400,0.014
59.405,-0.065
59.410,-0.073
59.415,-0.097
59.420,-0.157
59.425,-0.123
59.430,-0.150
59.435,-0.140
59.440,-0.141
59.445,-0.177
59.450,-0.140
59.455,-0.165
59.460,-0.152
59.465,-0.136
59.470,-0.153
59.475,-0.117
59.480,-0.141
59.485,-0.116
59.490,-0.102
59.495,-0.127
59.500,-0.088
59.505,-0.111
59.510,-0.093
59.515,-0.075
59.520,-0.087
59.525,-0.048
59.530,-0.082
59.535,-0.068
59.540,-0.054
59.545,-0.070
59.550,-0.037
59.555,-0.072
59.560,-0.041
59.565,-0.017
59.570,-0.043
59.575,0.000
59.580,-0.034
59.585,-0.030
59.590,-0.007
59.595,-0.014
59.600,0.028
59.605,-0.002
59.610,0.009
59.615,0.008
59.620,-0.017
59.625,0.030
59.630,-0.003
59.635,0.003
59.640,0.013
59.645,-0.008
59.650,0.044
59.655,0.014
59.660,0.021
59.665,0.033
59.670,-0.005
59.675,0.035
59.680,0.014
59.685,0.026
59.690,0.039
59.695,0.009
59.700,0.050
59.705,0.029
59.710,0.045
59.715,0.068
59.720,0.051
59.725,0.094
59.730,0.053
59.735,0.052
59.740,0.072
59.745,0.039
59.750,0.062
59.755,0.025
59.760,0.023
59.765,0.014
59.770,-0.037
59.775,0.005
59.780,-0.017
59.785,-0.018
59.790,0.006
59.795,-0.005
59.800,0.023
59.805,-0.009
59.810,0.005
59.815,0.019
59.820,-0.003
59.825,0.031
59.830,-0.010
59.835,-0.010
59.840,-0.021
59.845,-0.079
59.850,-0.046
59.855,-0.050
59.860,0.046
59.865,0.244
59.870,0.458
59.875,0.719
59.880,0.746
59.885,0.614
59.890,0.366
59.895,0.021
59.900,-0.144
59.905,-0.216
59.910,-0.186
59.915,-0.146
59.920,-0.173
59.925,-0.108
59.930,-0.097
59.935,-0.102
59.940,-0.106
59.945,-0.125
59.950,-0.076
59.955,-0.090
59.960,-0.072
59.965,-0.066
59.970,-0.100
59.975,-0.049
59.980,-0.061
59.985,-0.066
59.990,-0.056
59.995,-0.071
