'Elapsed time','ECG'
'seconds','mV'
0.000,0.128
0.005,0.263
0.010,0.260
0.015,0.232
0.020,0.196
0.025,0.185
0.030,0.205
0.035,0.184
0.040,0.181
0.045,0.190
0.050,0.163
0.055,0.123
0.060,0.116
0.065,0.127
0.070,0.119
0.075,0.116
0.080,0.110
0.085,0.086
0.090,0.066
0.095,0.043
0.100,0.021
0.105,0.015
0.110,0.010
0.115,-0.006
0.120,-0.025
0.125,-0.037
0.130,-0.052
0.135,-0.067
0.140,-0.078
0.145,-0.101
0.150,-0.131
0.155,-0.151
0.160,-0.160
0.165,-0.169
0.170,-0.177
0.175,-0.182
0.180,-0.189
0.185,-0.192
0.190,-0.182
0.195,-0.158
0.200,-0.128
0.205,-0.100
0.210,-0.067
0.215,-0.021
0.220,0.029
0.225,0.078
0.230,0.130
0.235,0.171
0.240,0.199
0.245,0.224
0.250,0.244
0.255,0.260
0.260,0.277
0.265,0.292
0.270,0.292
0.275,0.280
0.280,0.269
0.285,0.276
0.290,0.282
0.295,0.258
0.300,0.230
0.305,0.214
0.310,0.201
0.315,0.203
0.320,0.219
0.325,0.221
0.330,0.201
0.335,0.178
0.340,0.169
0.345,0.171
0.350,0.161
0.355,0.132
0.360,0.115
0.365,0.104
0.370,0.085
0.375,0.067
0.380,0.058
0.385,0.065
0.390,0.076
0.395,0.077
0.400,0.065
0.405,0.045
0.410,0.026
0.415,0.016
0.420,0.015
0.425,0.023
0.430,0.028
0.435,0.024
0.440,0.016
0.445,0.006
0.450,0.007
0.455,0.014
0.460,0.011
0.465,0.007
0.470,0.008
0.475,0.016
0.480,0.018
0.485,0.007
0.490,-0.009
0.495,-0.017
0.500,-0.013
0.505,-0.017
0.510,-0.022
0.515,-0.016
0.520,-0.020
0.525,-0.025
0.530,-0.016
0.535,-0.012
0.540,-0.013
0.545,-0.021
0.550,-0.033
0.555,-0.027
0.560,-0.021
0.565,-0.025
0.570,-0.028
0.575,-0.041
0.580,-0.053
0.585,-0.052
0.590,-0.044
0.595,-0.043
0.600,-0.055
0.605,-0.058
0.610,-0.047
0.615,-0.048
0.620,-0.052
0.625,-0.054
0.630,-0.056
0.635,-0.049
0.640,-0.048
0.645,-0.052
0.650,-0.053
0.655,-0.060
0.660,-0.056
0.665,-0.040
0.670,-0.040
0.675,-0.047
0.680,-0.051
0.685,-0.061
0.690,-0.077
0.695,-0.096
0.700,-0.108
0.705,-0.119
0.710,-0.132
0.715,-0.133
0.720,-0.135
0.725,-0.145
0.730,-0.165
0.735,-0.194
0.740,-0.204
0.745,-0.184
0.750,-0.160
0.755,-0.153
0.760,-0.153
0.765,-0.132
0.770,-0.083
0.775,-0.039
0.780,-0.017
0.785,0.004
0.790,0.035
0.795,0.059
0.800,0.068
0.805,0.072
0.810,0.083
0.815,0.093
0.820,0.089
0.825,0.083
0.830,0.075
0.835,0.067
0.840,0.065
0.845,0.063
0.850,0.057
0.855,0.045
0.860,0.009
0.865,-0.074
0.870,-0.241
0.875,-0.495
0.880,-0.776
0.885,-1.002
0.890,-0.958
0.895,-0.445
0.900,0.219
0.905,0.574
0.910,0.762
0.915,1.007
0.920,1.129
0.925,0.925
0.930,0.473
0.935,0.132
0.940,0.063
0.945,0.042
0.950,-0.010
0.955,0.000
0.960,0.014
0.965,-0.023
0.970,-0.036
0.975,-0.030
0.980,-0.058
0.985,-0.075
0.990,-0.057
0.995,-0.050
1.000,-0.055
1.005,-0.047
1.010,-0.045
1.015,-0.054
1.020,-0.053
1.025,-0.057
1.030,-0.075
1.035,-0.085
1.040,-0.079
1.045,-0.076
1.050,-0.086
1.055,-0.099
1.060,-0.106
1.065,-0.109
1.070,-0.111
1.075,-0.114
1.080,-0.117
1.085,-0.119
1.090,-0.118
1.095,-0.125
1.100,-0.137
1.105,-0.151
1.110,-0.167
1.115,-0.179
1.120,-0.192
1.125,-0.200
1.130,-0.211
1.135,-0.232
1.140,-0.254
1.145,-0.266
1.150,-0.267
1.155,-0.262
1.160,-0.255
1.165,-0.251
1.170,-0.247
1.175,-0.242
1.180,-0.231
1.185,-0.206
1.190,-0.169
1.195,-0.131
1.200,-0.094
1.205,-0.055
1.210,-0.007
1.215,0.047
1.220,0.095
1.225,0.138
1.230,0.180
1.235,0.212
1.240,0.237
1.245,0.249
1.250,0.248
1.255,0.249
1.260,0.249
1.265,0.244
1.270,0.242
1.275,0.245
1.280,0.247
1.285,0.241
1.290,0.234
1.295,0.231
1.300,0.229
1.305,0.220
1.310,0.202
1.315,0.184
1.320,0.172
1.325,0.160
1.330,0.147
1.335,0.140
1.340,0.129
1.345,0.123
1.350,0.125
1.355,0.125
1.360,0.120
1.365,0.110
1.370,0.094
1.375,0.080
1.380,0.076
1.385,0.074
1.390,0.063
1.395,0.048
1.400,0.037
1.405,0.045
1.410,0.058
1.415,0.054
1.420,0.050
1.425,0.051
1.430,0.049
1.435,0.049
1.440,0.043
1.445,0.036
1.450,0.030
1.455,0.021
1.460,0.015
1.465,0.010
1.470,0.010
1.475,0.016
1.480,0.018
1.485,0.016
1.490,0.011
1.495,0.008
1.500,0.013
1.505,0.015
1.510,0.013
1.515,0.012
1.520,0.010
1.525,0.006
1.530,-0.002
1.535,-0.006
1.540,-0.001
1.545,-0.002
1.550,-0.007
1.555,-0.012
1.560,-0.017
1.565,-0.023
1.570,-0.031
1.575,-0.031
1.580,-0.025
1.585,-0.022
1.590,-0.020
1.595,-0.022
1.600,-0.023
1.605,-0.026
1.610,-0.030
1.615,-0.032
1.620,-0.038
1.625,-0.039
1.630,-0.030
1.635,-0.026
1.640,-0.029
1.645,-0.034
1.650,-0.031
1.655,-0.029
1.660,-0.032
1.665,-0.037
1.670,-0.045
1.675,-0.048
1.680,-0.044
1.685,-0.042
1.690,-0.041
1.695,-0.038
1.700,-0.033
1.705,-0.030
1.710,-0.031
1.715,-0.038
1.720,-0.050
1.725,-0.061
1.730,-0.070
1.735,-0.079
1.740,-0.091
1.745,-0.113
1.750,-0.128
1.755,-0.127
1.760,-0.127
1.765,-0.145
1.770,-0.171
1.775,-0.181
1.780,-0.163
1.785,-0.144
1.790,-0.149
1.795,-0.148
1.800,-0.116
1.805,-0.063
1.810,-0.021
1.815,0.000
1.820,0.030
1.825,0.067
1.830,0.080
1.835,0.073
1.840,0.072
1.845,0.084
1.850,0.105
1.855,0.115
1.860,0.111
1.865,0.099
1.870,0.086
1.875,0.078
1.880,0.073
1.885,0.067
1.890,0.052
1.895,0.015
1.900,-0.081
1.905,-0.279
1.910,-0.552
1.915,-0.834
1.920,-1.004
1.925,-0.821
1.930,-0.223
1.935,0.355
1.940,0.634
1.945,0.848
1.950,1.071
1.955,1.092
1.960,0.785
1.965,0.343
1.970,0.103
1.975,0.070
1.980,0.029
1.985,-0.013
1.990,0.011
1.995,0.008
2.000,-0.032
2.005,-0.031
2.010,-0.017
2.015,-0.031
2.020,-0.038
2.025,-0.031
2.030,-0.039
2.035,-0.048
2.040,-0.046
2.045,-0.045
2.050,-0.046
2.055,-0.042
2.060,-0.044
2.065,-0.053
2.070,-0.059
2.075,-0.064
2.080,-0.070
2.085,-0.077
2.090,-0.079
2.095,-0.081
2.100,-0.087
2.105,-0.095
2.110,-0.103
2.115,-0.108
2.120,-0.111
2.125,-0.117
2.130,-0.126
2.135,-0.137
2.140,-0.149
2.145,-0.161
2.150,-0.174
2.155,-0.186
2.160,-0.196
2.165,-0.211
2.170,-0.226
2.175,-0.231
2.180,-0.236
2.185,-0.246
2.190,-0.256
2.195,-0.260
2.200,-0.254
2.205,-0.244
2.210,-0.235
2.215,-0.226
2.220,-0.206
2.225,-0.168
2.230,-0.124
2.235,-0.080
2.240,-0.036
2.245,0.009
2.250,0.054
2.255,0.093
2.260,0.124
2.265,0.161
2.270,0.193
2.275,0.213
2.280,0.231
2.285,0.244
2.290,0.251
2.295,0.250
2.300,0.246
2.305,0.247
2.310,0.247
2.315,0.244
2.320,0.238
2.325,0.226
2.330,0.210
2.335,0.197
2.340,0.190
2.345,0.185
2.350,0.177
2.355,0.167
2.360,0.159
2.365,0.151
2.370,0.143
2.375,0.137
2.380,0.127
2.385,0.118
2.390,0.110
2.395,0.099
2.400,0.091
2.405,0.084
2.410,0.078
2.415,0.077
2.420,0.072
2.425,0.064
2.430,0.059
2.435,0.052
2.440,0.048
2.445,0.046
2.450,0.048
2.455,0.055
2.460,0.059
2.465,0.052
2.470,0.040
2.475,0.034
2.480,0.034
2.485,0.029
2.490,0.023
2.495,0.019
2.500,0.018
2.505,0.018
2.510,0.019
2.515,0.018
2.520,0.017
2.525,0.009
2.530,-0.002
2.535,-0.002
2.540,-0.002
2.545,-0.005
2.550,-0.002
2.555,0.004
2.560,0.006
2.565,0.003
2.570,-0.007
2.575,-0.015
2.580,-0.019
2.585,-0.027
2.590,-0.029
2.595,-0.024
2.600,-0.024
2.605,-0.025
2.610,-0.028
2.615,-0.032
2.620,-0.032
2.625,-0.033
2.630,-0.031
2.635,-0.028
2.640,-0.032
2.645,-0.039
2.650,-0.037
2.655,-0.040
2.660,-0.051
2.665,-0.060
2.670,-0.059
2.675,-0.049
2.680,-0.041
2.685,-0.040
2.690,-0.049
2.695,-0.067
2.700,-0.084
2.705,-0.098
2.710,-0.109
2.715,-0.124
2.720,-0.142
2.725,-0.151
2.730,-0.145
2.735,-0.151
2.740,-0.177
2.745,-0.196
2.750,-0.183
2.755,-0.158
2.760,-0.158
2.765,-0.162
2.770,-0.126
2.775,-0.064
2.780,-0.027
2.785,-0.016
2.790,0.008
2.795,0.047
2.800,0.068
2.805,0.067
2.810,0.074
2.815,0.092
2.820,0.099
2.825,0.093
2.830,0.085
2.835,0.076
2.840,0.070
2.845,0.068
2.850,0.065
2.855,0.063
2.860,0.049
2.865,0.006
2.870,-0.096
2.875,-0.296
2.880,-0.561
2.885,-0.820
2.890,-0.953
2.895,-0.742
2.900,-0.157
2.905,0.377
2.910,0.614
2.915,0.814
2.920,1.033
2.925,1.039
2.930,0.723
2.935,0.293
2.940,0.075
2.945,0.050
2.950,0.004
2.955,-0.037
2.960,-0.005
2.965,-0.002
2.970,-0.036
2.975,-0.035
2.980,-0.028
2.985,-0.044
2.990,-0.045
2.995,-0.041
3.000,-0.058
3.005,-0.069
3.010,-0.060
3.015,-0.055
3.020,-0.062
3.025,-0.065
3.030,-0.064
3.035,-0.069
3.040,-0.072
3.045,-0.071
3.050,-0.072
3.055,-0.081
3.060,-0.090
3.065,-0.094
3.070,-0.095
3.075,-0.101
3.080,-0.110
3.085,-0.118
3.090,-0.123
3.095,-0.129
3.100,-0.136
3.105,-0.141
3.110,-0.150
3.115,-0.163
3.120,-0.175
3.125,-0.184
3.130,-0.191
3.135,-0.197
3.140,-0.207
3.145,-0.220
3.150,-0.231
3.155,-0.241
3.160,-0.252
3.165,-0.257
3.170,-0.253
3.175,-0.251
3.180,-0.235
3.185,-0.209
3.190,-0.187
3.195,-0.160
3.200,-0.126
3.205,-0.086
3.210,-0.037
3.215,0.011
3.220,0.056
3.225,0.102
3.230,0.135
3.235,0.162
3.240,0.194
3.245,0.213
3.250,0.220
3.255,0.230
3.260,0.239
3.265,0.244
3.270,0.235
3.275,0.224
3.280,0.226
3.285,0.225
3.290,0.220
3.295,0.215
3.300,0.203
3.305,0.192
3.310,0.184
3.315,0.177
3.320,0.173
3.325,0.167
3.330,0.158
3.335,0.148
3.340,0.132
3.345,0.119
3.350,0.119
3.355,0.120
3.360,0.118
3.365,0.108
3.370,0.097
3.375,0.089
3.380,0.085
3.385,0.087
3.390,0.087
3.395,0.081
3.400,0.074
3.405,0.068
3.410,0.060
3.415,0.052
3.420,0.051
3.425,0.054
3.430,0.056
3.435,0.053
3.440,0.048
3.445,0.045
3.450,0.040
3.455,0.038
3.460,0.041
3.465,0.044
3.470,0.043
3.475,0.039
3.480,0.033
3.485,0.024
3.490,0.017
3.495,0.019
3.500,0.026
3.505,0.028
3.510,0.022
3.515,0.016
3.520,0.003
3.525,-0.008
3.530,-0.006
3.535,0.002
3.540,0.006
3.545,0.000
3.550,-0.006
3.555,-0.006
3.560,-0.006
3.565,-0.010
3.570,-0.008
3.575,-0.003
3.580,-0.004
3.585,-0.007
3.590,-0.014
3.595,-0.022
3.600,-0.026
3.605,-0.026
3.610,-0.027
3.615,-0.030
3.620,-0.032
3.625,-0.032
3.630,-0.035
3.635,-0.051
3.640,-0.070
3.645,-0.081
3.650,-0.087
3.655,-0.097
3.660,-0.109
3.665,-0.123
3.670,-0.127
3.675,-0.126
3.680,-0.147
3.685,-0.175
3.690,-0.187
3.695,-0.176
3.700,-0.166
3.705,-0.173
3.710,-0.160
3.715,-0.108
3.720,-0.054
3.725,-0.023
3.730,-0.001
3.735,0.034
3.740,0.065
3.745,0.072
3.750,0.075
3.755,0.090
3.760,0.103
3.765,0.101
3.770,0.095
3.775,0.090
3.780,0.083
3.785,0.069
3.790,0.057
3.795,0.054
3.800,0.049
3.805,0.023
3.810,-0.039
3.815,-0.176
3.820,-0.398
3.825,-0.633
3.830,-0.815
3.835,-0.818
3.840,-0.477
3.845,0.087
3.850,0.462
3.855,0.596
3.860,0.808
3.865,1.025
3.870,0.957
3.875,0.580
3.880,0.187
3.885,0.051
3.890,0.048
3.895,-0.011
3.900,-0.041
3.905,-0.013
3.910,-0.028
3.915,-0.056
3.920,-0.044
3.925,-0.042
3.930,-0.057
3.935,-0.049
3.940,-0.040
3.945,-0.056
3.950,-0.068
3.955,-0.064
3.960,-0.069
3.965,-0.078
3.970,-0.078
3.975,-0.077
3.980,-0.082
3.985,-0.088
3.990,-0.092
3.995,-0.093
4.000,-0.094
4.005,-0.098
4.010,-0.106
4.015,-0.107
4.020,-0.101
4.025,-0.101
4.030,-0.114
4.035,-0.134
4.040,-0.148
4.045,-0.155
4.050,-0.156
4.055,-0.157
4.060,-0.167
4.065,-0.177
4.070,-0.186
4.075,-0.196
4.080,-0.209
4.085,-0.224
4.090,-0.236
4.095,-0.243
4.100,-0.244
4.105,-0.243
4.110,-0.243
4.115,-0.240
4.120,-0.235
4.125,-0.225
4.130,-0.206
4.135,-0.184
4.140,-0.153
4.145,-0.115
4.150,-0.073
4.155,-0.029
4.160,0.015
4.165,0.057
4.170,0.098
4.175,0.135
4.180,0.163
4.185,0.185
4.190,0.203
4.195,0.215
4.200,0.225
4.205,0.231
4.210,0.231
4.215,0.224
4.220,0.216
4.225,0.212
4.230,0.209
4.235,0.205
4.240,0.199
4.245,0.191
4.250,0.184
4.255,0.174
4.260,0.164
4.265,0.154
4.270,0.145
4.275,0.138
4.280,0.131
4.285,0.123
4.290,0.118
4.295,0.112
4.300,0.105
4.305,0.099
4.310,0.093
4.315,0.090
4.320,0.088
4.325,0.083
4.330,0.077
4.335,0.073
4.340,0.070
4.345,0.067
4.350,0.065
4.355,0.061
4.360,0.056
4.365,0.056
4.370,0.057
4.375,0.058
4.380,0.058
4.385,0.056
4.390,0.053
4.395,0.046
4.400,0.037
4.405,0.033
4.410,0.034
4.415,0.036
4.420,0.030
4.425,0.023
4.430,0.020
4.435,0.019
4.440,0.020
4.445,0.020
4.450,0.018
4.455,0.015
4.460,0.013
4.465,0.012
4.470,0.010
4.475,0.006
4.480,0.003
4.485,-0.003
4.490,-0.005
4.495,-0.007
4.500,-0.009
4.505,-0.010
4.510,-0.011
4.515,-0.012
4.520,-0.012
4.525,-0.014
4.530,-0.017
4.535,-0.018
4.540,-0.019
4.545,-0.020
4.550,-0.021
4.555,-0.021
4.560,-0.024
4.565,-0.030
4.570,-0.035
4.575,-0.037
4.580,-0.035
4.585,-0.032
4.590,-0.032
4.595,-0.032
4.600,-0.034
4.605,-0.036
4.610,-0.043
4.615,-0.056
4.620,-0.072
4.625,-0.086
4.630,-0.099
4.635,-0.114
4.640,-0.128
4.645,-0.133
4.650,-0.129
4.655,-0.140
4.660,-0.169
4.665,-0.188
4.670,-0.178
4.675,-0.153
4.680,-0.156
4.685,-0.168
4.690,-0.136
4.695,-0.072
4.700,-0.022
4.705,-0.004
4.710,0.013
4.715,0.045
4.720,0.067
4.725,0.075
4.730,0.087
4.735,0.102
4.740,0.106
4.745,0.099
4.750,0.092
4.755,0.088
4.760,0.083
4.765,0.076
4.770,0.073
4.775,0.069
4.780,0.051
4.785,0.009
4.790,-0.081
4.795,-0.257
4.800,-0.497
4.805,-0.726
4.810,-0.860
4.815,-0.727
4.820,-0.231
4.825,0.296
4.830,0.535
4.835,0.691
4.840,0.930
4.845,1.026
4.850,0.795
4.855,0.367
4.860,0.091
4.865,0.058
4.870,0.035
4.875,-0.022
4.880,-0.015
4.885,-0.002
4.890,-0.028
4.895,-0.032
4.900,-0.018
4.905,-0.034
4.910,-0.054
4.915,-0.051
4.920,-0.053
4.925,-0.060
4.930,-0.055
4.935,-0.053
4.940,-0.059
4.945,-0.061
4.950,-0.060
4.955,-0.065
4.960,-0.071
4.965,-0.073
4.970,-0.081
4.975,-0.090
4.980,-0.093
4.985,-0.096
4.990,-0.103
4.995,-0.108
5.000,-0.110
5.005,-0.113
5.010,-0.117
5.015,-0.123
5.020,-0.132
5.025,-0.140
5.030,-0.147
5.035,-0.157
5.040,-0.169
5.045,-0.182
5.050,-0.193
5.055,-0.199
5.060,-0.209
5.065,-0.221
5.070,-0.236
5.075,-0.247
5.080,-0.250
5.085,-0.248
5.090,-0.240
5.095,-0.231
5.100,-0.220
5.105,-0.206
5.110,-0.187
5.115,-0.158
5.120,-0.126
5.125,-0.089
5.130,-0.046
5.135,-0.002
5.140,0.044
5.145,0.082
5.150,0.112
5.155,0.140
5.160,0.168
5.165,0.191
5.170,0.203
5.175,0.212
5.180,0.223
5.185,0.228
5.190,0.222
5.195,0.217
5.200,0.217
5.205,0.219
5.210,0.213
5.215,0.203
5.220,0.195
5.225,0.188
5.230,0.181
5.235,0.175
5.240,0.169
5.245,0.160
5.250,0.145
5.255,0.132
5.260,0.123
5.265,0.120
5.270,0.118
5.275,0.111
5.280,0.101
5.285,0.095
5.290,0.091
5.295,0.088
5.300,0.086
5.305,0.083
5.310,0.079
5.315,0.072
5.320,0.065
5.325,0.062
5.330,0.060
5.335,0.057
5.340,0.055
5.345,0.055
5.350,0.056
5.355,0.055
5.360,0.053
5.365,0.049
5.370,0.047
5.375,0.044
5.380,0.041
5.385,0.038
5.390,0.035
5.395,0.033
5.400,0.032
5.405,0.029
5.410,0.023
5.415,0.021
5.420,0.018
5.425,0.012
5.430,0.011
5.435,0.012
5.440,0.014
5.445,0.015
5.450,0.009
5.455,0.003
5.460,-0.001
5.465,-0.006
5.470,-0.010
5.475,-0.008
5.480,-0.007
5.485,-0.006
5.490,-0.006
5.495,-0.010
5.500,-0.016
5.505,-0.022
5.510,-0.024
5.515,-0.022
5.520,-0.022
5.525,-0.025
5.530,-0.025
5.535,-0.025
5.540,-0.028
5.545,-0.034
5.550,-0.034
5.555,-0.030
5.560,-0.029
5.565,-0.031
5.570,-0.033
5.575,-0.032
5.580,-0.028
5.585,-0.028
5.590,-0.028
5.595,-0.027
5.600,-0.033
5.605,-0.041
5.610,-0.049
5.615,-0.060
5.620,-0.071
5.625,-0.084
5.630,-0.095
5.635,-0.106
5.640,-0.117
5.645,-0.123
5.650,-0.124
5.655,-0.132
5.660,-0.159
5.665,-0.187
5.670,-0.189
5.675,-0.165
5.680,-0.159
5.685,-0.174
5.690,-0.156
5.695,-0.097
5.700,-0.037
5.705,-0.004
5.710,0.014
5.715,0.042
5.720,0.064
5.725,0.070
5.730,0.078
5.735,0.096
5.740,0.112
5.745,0.116
5.750,0.112
5.755,0.108
5.760,0.098
5.765,0.086
5.770,0.081
5.775,0.075
5.780,0.066
5.785,0.034
5.790,-0.035
5.795,-0.175
5.800,-0.395
5.805,-0.623
5.810,-0.796
5.815,-0.789
5.820,-0.447
5.825,0.101
5.830,0.455
5.835,0.589
5.840,0.808
5.845,1.016
5.850,0.937
5.855,0.568
5.860,0.188
5.865,0.060
5.870,0.057
5.875,0.003
5.880,-0.017
5.885,0.009
5.890,-0.015
5.895,-0.043
5.900,-0.030
5.905,-0.030
5.910,-0.048
5.915,-0.044
5.920,-0.039
5.925,-0.052
5.930,-0.057
5.935,-0.048
5.940,-0.050
5.945,-0.063
5.950,-0.068
5.955,-0.072
5.960,-0.078
5.965,-0.080
5.970,-0.080
5.975,-0.084
5.980,-0.087
5.985,-0.088
5.990,-0.088
5.995,-0.092
6.000,-0.100
6.005,-0.109
6.010,-0.115
6.015,-0.114
6.020,-0.120
6.025,-0.134
6.030,-0.146
6.035,-0.157
6.040,-0.168
6.045,-0.175
6.050,-0.187
6.055,-0.198
6.060,-0.198
6.065,-0.199
6.070,-0.209
6.075,-0.223
6.080,-0.235
6.085,-0.240
6.090,-0.234
6.095,-0.227
6.100,-0.221
6.105,-0.209
6.110,-0.191
6.115,-0.168
6.120,-0.140
6.125,-0.113
6.130,-0.077
6.135,-0.027
6.140,0.017
6.145,0.055
6.150,0.097
6.155,0.127
6.160,0.144
6.165,0.162
6.170,0.178
6.175,0.193
6.180,0.207
6.185,0.218
6.190,0.230
6.195,0.229
6.200,0.217
6.205,0.214
6.210,0.218
6.215,0.210
6.220,0.194
6.225,0.177
6.230,0.164
6.235,0.162
6.240,0.157
6.245,0.149
6.250,0.144
6.255,0.141
6.260,0.137
6.265,0.135
6.270,0.133
6.275,0.118
6.280,0.100
6.285,0.086
6.290,0.082
6.295,0.081
6.300,0.069
6.305,0.059
6.310,0.073
6.315,0.092
6.320,0.084
6.325,0.068
6.330,0.065
6.335,0.070
6.340,0.069
6.345,0.057
6.350,0.055
6.355,0.062
6.360,0.056
6.365,0.042
6.370,0.027
6.375,0.019
6.380,0.021
6.385,0.027
6.390,0.042
6.395,0.057
6.400,0.054
6.405,0.042
6.410,0.030
6.415,0.020
6.420,0.021
6.425,0.023
6.430,0.015
6.435,0.005
6.440,-0.001
6.445,0.007
6.450,0.017
6.455,0.013
6.460,0.001
6.465,-0.006
6.470,-0.008
6.475,-0.018
6.480,-0.024
6.485,-0.020
6.490,-0.025
6.495,-0.030
6.500,-0.021
6.505,-0.009
6.510,-0.005
6.515,-0.014
6.520,-0.020
6.525,-0.016
6.530,-0.019
6.535,-0.029
6.540,-0.031
6.545,-0.027
6.550,-0.022
6.555,-0.024
6.560,-0.034
6.565,-0.041
6.570,-0.038
6.575,-0.031
6.580,-0.035
6.585,-0.056
6.590,-0.084
6.595,-0.098
6.600,-0.105
6.605,-0.121
6.610,-0.132
6.615,-0.133
6.620,-0.134
6.625,-0.152
6.630,-0.183
6.635,-0.191
6.640,-0.177
6.645,-0.181
6.650,-0.197
6.655,-0.180
6.660,-0.122
6.665,-0.056
6.670,-0.015
6.675,0.015
6.680,0.039
6.685,0.047
6.690,0.061
6.695,0.081
6.700,0.104
6.705,0.118
6.710,0.110
6.715,0.102
6.720,0.100
6.725,0.089
6.730,0.081
6.735,0.076
6.740,0.065
6.745,0.052
6.750,0.027
6.755,-0.018
6.760,-0.114
6.765,-0.294
6.770,-0.520
6.775,-0.704
6.780,-0.769
6.785,-0.606
6.790,-0.144
6.795,0.350
6.800,0.537
6.805,0.612
6.810,0.837
6.815,0.998
6.820,0.841
6.825,0.459
6.830,0.169
6.835,0.084
6.840,0.026
6.845,-0.039
6.850,-0.026
6.855,-0.007
6.860,-0.043
6.865,-0.064
6.870,-0.045
6.875,-0.051
6.880,-0.079
6.885,-0.072
6.890,-0.062
6.895,-0.080
6.900,-0.088
6.905,-0.079
6.910,-0.081
6.915,-0.080
6.920,-0.065
6.925,-0.070
6.930,-0.087
6.935,-0.095
6.940,-0.101
6.945,-0.106
6.950,-0.109
6.955,-0.102
6.960,-0.109
6.965,-0.122
6.970,-0.118
6.975,-0.119
6.980,-0.136
6.985,-0.157
6.990,-0.154
6.995,-0.134
7.000,-0.133
7.005,-0.148
7.010,-0.172
7.015,-0.183
7.020,-0.183
7.025,-0.204
7.030,-0.216
7.035,-0.222
7.040,-0.242
7.045,-0.252
7.050,-0.248
7.055,-0.243
7.060,-0.237
7.065,-0.232
7.070,-0.223
7.075,-0.205
7.080,-0.179
7.085,-0.155
7.090,-0.120
7.095,-0.085
7.100,-0.064
7.105,-0.021
7.110,0.041
7.115,0.088
7.120,0.115
7.125,0.137
7.130,0.173
7.135,0.206
7.140,0.212
7.145,0.199
7.150,0.201
7.155,0.220
7.160,0.230
7.165,0.243
7.170,0.241
7.175,0.210
7.180,0.191
7.185,0.183
7.190,0.172
7.195,0.183
7.200,0.196
7.205,0.181
7.210,0.167
7.215,0.150
7.220,0.130
7.225,0.129
7.230,0.123
7.235,0.129
7.240,0.141
7.245,0.126
7.250,0.109
7.255,0.104
7.260,0.108
7.265,0.091
7.270,0.050
7.275,0.052
7.280,0.084
7.285,0.091
7.290,0.074
7.295,0.060
7.300,0.070
7.305,0.091
7.310,0.088
7.315,0.067
7.320,0.058
7.325,0.046
7.330,0.033
7.335,0.043
7.340,0.051
7.345,0.042
7.350,0.027
7.355,0.022
7.360,0.024
7.365,0.027
7.370,0.030
7.375,0.029
7.380,0.026
7.385,0.019
7.390,0.018
7.395,0.018
7.400,0.013
7.405,0.018
7.410,0.019
7.415,0.005
7.420,-0.014
7.425,-0.028
7.430,-0.024
7.435,-0.016
7.440,-0.018
7.445,0.002
7.450,0.023
7.455,-0.001
7.460,-0.029
7.465,-0.026
7.470,-0.013
7.475,-0.003
7.480,-0.012
7.485,-0.027
7.490,-0.017
7.495,-0.011
7.500,-0.026
7.505,-0.032
7.510,-0.027
7.515,-0.038
7.520,-0.027
7.525,0.003
7.530,-0.006
7.535,-0.032
7.540,-0.058
7.545,-0.059
7.550,-0.022
7.555,-0.012
7.560,-0.036
7.565,-0.053
7.570,-0.072
7.575,-0.091
7.580,-0.094
7.585,-0.088
7.590,-0.087
7.595,-0.098
7.600,-0.108
7.605,-0.122
7.610,-0.149
7.615,-0.158
7.620,-0.168
7.625,-0.176
7.630,-0.166
7.635,-0.180
7.640,-0.181
7.645,-0.137
7.650,-0.080
7.655,-0.017
7.660,0.008
7.665,0.011
7.670,0.043
7.675,0.081
7.680,0.102
7.685,0.106
7.690,0.104
7.695,0.090
7.700,0.072
7.705,0.093
7.710,0.118
7.715,0.102
7.720,0.074
7.725,0.046
7.730,0.043
7.735,0.038
7.740,-0.011
7.745,-0.054
7.750,-0.174
7.755,-0.420
7.760,-0.688
7.765,-0.910
7.770,-0.922
7.775,-0.527
7.780,0.156
7.785,0.628
7.790,0.748
7.795,0.897
7.800,1.105
7.805,1.068
7.810,0.694
7.815,0.251
7.820,0.085
7.825,0.091
7.830,0.014
7.835,-0.048
7.840,-0.021
7.845,-0.020
7.850,-0.054
7.855,-0.081
7.860,-0.099
7.865,-0.098
7.870,-0.080
7.875,-0.069
7.880,-0.073
7.885,-0.067
7.890,-0.059
7.895,-0.077
7.900,-0.105
7.905,-0.106
7.910,-0.091
7.915,-0.088
7.920,-0.088
7.925,-0.092
7.930,-0.109
7.935,-0.127
7.940,-0.129
7.945,-0.117
7.950,-0.109
7.955,-0.120
7.960,-0.146
7.965,-0.146
7.970,-0.113
7.975,-0.109
7.980,-0.150
7.985,-0.185
7.990,-0.190
7.995,-0.192
8.000,-0.196
8.005,-0.204
8.010,-0.226
8.015,-0.240
8.020,-0.242
8.025,-0.246
8.030,-0.253
8.035,-0.268
8.040,-0.277
8.045,-0.249
8.050,-0.229
8.055,-0.227
8.060,-0.215
8.065,-0.199
8.070,-0.179
8.075,-0.170
8.080,-0.130
8.085,-0.046
8.090,0.006
8.095,0.042
8.100,0.087
8.105,0.128
8.110,0.159
8.115,0.171
8.120,0.187
8.125,0.223
8.130,0.250
8.135,0.256
8.140,0.269
8.145,0.270
8.150,0.234
8.155,0.213
8.160,0.225
8.165,0.227
8.170,0.219
8.175,0.225
8.180,0.225
8.185,0.223
8.190,0.221
8.195,0.187
8.200,0.151
8.205,0.135
8.210,0.121
8.215,0.127
8.220,0.139
8.225,0.129
8.230,0.131
8.235,0.132
8.240,0.110
8.245,0.090
8.250,0.065
8.255,0.058
8.260,0.077
8.265,0.076
8.270,0.075
8.275,0.064
8.280,0.047
8.285,0.054
8.290,0.059
8.295,0.052
8.300,0.039
8.305,0.035
8.310,0.047
8.315,0.064
8.320,0.059
8.325,0.038
8.330,0.035
8.335,0.032
8.340,0.025
8.345,0.029
8.350,0.039
8.355,0.042
8.360,0.031
8.365,0.025
8.370,0.025
8.375,0.021
8.380,0.018
8.385,0.014
8.390,0.012
8.395,0.013
8.400,0.018
8.405,0.022
8.410,0.017
8.415,0.010
8.420,0.002
8.425,-0.002
8.430,0.002
8.435,-0.005
8.440,-0.014
8.445,-0.013
8.450,-0.018
8.455,-0.023
8.460,-0.019
8.465,-0.017
8.470,-0.013
8.475,-0.013
8.480,-0.017
8.485,-0.016
8.490,-0.014
8.495,-0.019
8.500,-0.031
8.505,-0.037
8.510,-0.036
8.515,-0.033
8.520,-0.030
8.525,-0.029
8.530,-0.029
8.535,-0.028
8.540,-0.031
8.545,-0.032
8.550,-0.035
8.555,-0.049
8.560,-0.065
8.565,-0.076
8.570,-0.083
8.575,-0.086
8.580,-0.098
8.585,-0.115
8.590,-0.113
8.595,-0.121
8.600,-0.151
8.605,-0.172
8.610,-0.178
8.615,-0.157
8.620,-0.139
8.625,-0.155
8.630,-0.143
8.635,-0.089
8.640,-0.038
8.645,-0.010
8.650,0.011
8.655,0.046
8.660,0.067
8.665,0.070
8.670,0.085
8.675,0.110
8.680,0.131
8.685,0.119
8.690,0.087
8.695,0.072
8.700,0.074
8.705,0.070
8.710,0.061
8.715,0.055
8.720,0.051
8.725,0.033
8.730,-0.025
8.735,-0.164
8.740,-0.387
8.745,-0.663
8.750,-0.956
8.755,-1.103
8.760,-0.824
8.765,-0.112
8.770,0.518
8.775,0.770
8.780,0.946
8.785,1.137
8.790,1.122
8.795,0.791
8.800,0.341
8.805,0.114
8.810,0.079
8.815,0.023
8.820,-0.014
8.825,0.010
8.830,-0.002
8.835,-0.045
8.840,-0.048
8.845,-0.042
8.850,-0.055
8.855,-0.055
8.860,-0.051
8.865,-0.070
8.870,-0.084
8.875,-0.076
8.880,-0.072
8.885,-0.080
8.890,-0.080
8.895,-0.080
8.900,-0.091
8.905,-0.098
8.910,-0.104
8.915,-0.102
8.920,-0.102
8.925,-0.116
8.930,-0.122
8.935,-0.121
8.940,-0.117
8.945,-0.115
8.950,-0.123
8.955,-0.126
8.960,-0.129
8.965,-0.145
8.970,-0.160
8.975,-0.169
8.980,-0.187
8.985,-0.199
8.990,-0.206
8.995,-0.225
9.000,-0.254
9.005,-0.271
9.010,-0.256
9.015,-0.232
9.020,-0.230
9.025,-0.245
9.030,-0.254
9.035,-0.248
9.040,-0.245
9.045,-0.236
9.050,-0.214
9.055,-0.187
9.060,-0.162
9.065,-0.131
9.070,-0.089
9.075,-0.037
9.080,0.023
9.085,0.077
9.090,0.125
9.095,0.165
9.100,0.181
9.105,0.198
9.110,0.225
9.115,0.245
9.120,0.258
9.125,0.264
9.130,0.261
9.135,0.253
9.140,0.239
9.145,0.227
9.150,0.220
9.155,0.218
9.160,0.220
9.165,0.224
9.170,0.221
9.175,0.208
9.180,0.196
9.185,0.190
9.190,0.182
9.195,0.173
9.200,0.162
9.205,0.143
9.210,0.123
9.215,0.105
9.220,0.097
9.225,0.098
9.230,0.091
9.235,0.081
9.240,0.069
9.245,0.066
9.250,0.082
9.255,0.089
9.260,0.071
9.265,0.054
9.270,0.057
9.275,0.061
9.280,0.060
9.285,0.049
9.290,0.040
9.295,0.044
9.300,0.043
9.305,0.040
9.310,0.038
9.315,0.034
9.320,0.027
9.325,0.021
9.330,0.021
9.335,0.020
9.340,0.018
9.345,0.018
9.350,0.014
9.355,0.018
9.360,0.023
9.365,0.022
9.370,0.017
9.375,0.010
9.380,0.007
9.385,0.015
9.390,0.019
9.395,0.009
9.400,-0.002
9.405,-0.008
9.410,-0.007
9.415,-0.001
9.420,0.000
9.425,0.004
9.430,0.001
9.435,-0.005
9.440,-0.009
9.445,-0.020
9.450,-0.026
9.455,-0.037
9.460,-0.036
9.465,-0.024
9.470,-0.025
9.475,-0.026
9.480,-0.023
9.485,-0.027
9.490,-0.031
9.495,-0.038
9.500,-0.047
9.505,-0.040
9.510,-0.030
9.515,-0.033
9.520,-0.035
9.525,-0.032
9.530,-0.033
9.535,-0.038
9.540,-0.037
9.545,-0.029
9.550,-0.022
9.555,-0.027
9.560,-0.037
9.565,-0.039
9.570,-0.039
9.575,-0.048
9.580,-0.054
9.585,-0.047
9.590,-0.039
9.595,-0.039
9.600,-0.044
9.605,-0.047
9.610,-0.051
9.615,-0.066
9.620,-0.080
9.625,-0.081
9.630,-0.091
9.635,-0.111
9.640,-0.121
9.645,-0.122
9.650,-0.121
9.655,-0.141
9.660,-0.175
9.665,-0.181
9.670,-0.167
9.675,-0.166
9.680,-0.163
9.685,-0.131
9.690,-0.076
9.695,-0.024
9.700,0.005
9.705,0.023
9.710,0.054
9.715,0.080
9.720,0.084
9.725,0.084
9.730,0.097
9.735,0.115
9.740,0.119
9.745,0.110
9.750,0.099
9.755,0.091
9.760,0.084
9.765,0.077
9.770,0.075
9.775,0.066
9.780,0.039
9.785,-0.009
9.790,-0.136
9.795,-0.380
9.800,-0.682
9.805,-0.969
9.810,-1.065
9.815,-0.718
9.820,-0.020
9.825,0.516
9.830,0.749
9.835,0.972
9.840,1.158
9.845,1.086
9.850,0.700
9.855,0.269
9.860,0.099
9.865,0.076
9.870,0.012
9.875,-0.015
9.880,0.013
9.885,-0.009
9.890,-0.042
9.895,-0.030
9.900,-0.028
9.905,-0.044
9.910,-0.045
9.915,-0.045
9.920,-0.057
9.925,-0.062
9.930,-0.057
9.935,-0.062
9.940,-0.067
9.945,-0.063
9.950,-0.065
9.955,-0.076
9.960,-0.086
9.965,-0.091
9.970,-0.096
9.975,-0.103
9.980,-0.104
9.985,-0.106
9.990,-0.113
9.995,-0.118
10.000,-0.129
10.005,-0.135
10.010,-0.133
10.015,-0.133
10.020,-0.137
10.025,-0.142
10.030,-0.154
10.035,-0.170
10.040,-0.185
10.045,-0.201
10.050,-0.213
10.055,-0.220
10.060,-0.230
10.065,-0.246
10.070,-0.261
10.075,-0.266
10.080,-0.264
10.085,-0.260
10.090,-0.252
10.095,-0.241
10.100,-0.226
10.105,-0.210
10.110,-0.186
10.115,-0.151
10.120,-0.113
10.125,-0.074
10.130,-0.032
10.135,0.014
10.140,0.058
10.145,0.098
10.150,0.136
10.155,0.169
10.160,0.198
10.165,0.219
10.170,0.229
10.175,0.238
10.180,0.244
10.185,0.245
10.190,0.243
10.195,0.243
10.200,0.241
10.205,0.236
10.210,0.228
10.215,0.219
10.220,0.213
10.225,0.205
10.230,0.192
10.235,0.184
10.240,0.178
10.245,0.168
10.250,0.159
10.255,0.151
10.260,0.147
10.265,0.143
10.270,0.134
10.275,0.120
10.280,0.106
10.285,0.098
10.290,0.094
10.295,0.090
10.300,0.083
10.305,0.076
10.310,0.074
10.315,0.072
10.320,0.066
10.325,0.056
10.330,0.051
10.335,0.054
10.340,0.055
10.345,0.051
10.350,0.045
10.355,0.040
10.360,0.036
10.365,0.036
10.370,0.041
10.375,0.042
10.380,0.039
10.385,0.038
10.390,0.037
10.395,0.031
10.400,0.023
10.405,0.019
10.410,0.018
10.415,0.018
10.420,0.016
10.425,0.014
10.430,0.012
10.435,0.010
10.440,0.010
10.445,0.013
10.450,0.008
10.455,-0.003
10.460,-0.008
10.465,-0.005
10.470,0.001
10.475,-0.003
10.480,-0.007
10.485,-0.009
10.490,-0.017
10.495,-0.024
10.500,-0.029
10.505,-0.030
10.510,-0.024
10.515,-0.023
10.520,-0.019
10.525,-0.016
10.530,-0.021
10.535,-0.024
10.540,-0.027
10.545,-0.031
10.550,-0.035
10.555,-0.038
10.560,-0.037
10.565,-0.036
10.570,-0.037
10.575,-0.036
10.580,-0.034
10.585,-0.033
10.590,-0.036
10.595,-0.037
10.600,-0.037
10.605,-0.035
10.610,-0.032
10.615,-0.031
10.620,-0.033
10.625,-0.039
10.630,-0.046
10.635,-0.045
10.640,-0.041
10.645,-0.039
10.650,-0.038
10.655,-0.037
10.660,-0.036
10.665,-0.039
10.670,-0.045
10.675,-0.046
10.680,-0.042
10.685,-0.036
10.690,-0.034
10.695,-0.037
10.700,-0.048
10.705,-0.066
10.710,-0.082
10.715,-0.091
10.720,-0.102
10.725,-0.117
10.730,-0.131
10.735,-0.134
10.740,-0.133
10.745,-0.147
10.750,-0.169
10.755,-0.173
10.760,-0.152
10.765,-0.147
10.770,-0.161
10.775,-0.145
10.780,-0.086
10.785,-0.027
10.790,0.004
10.795,0.020
10.800,0.045
10.805,0.071
10.810,0.080
10.815,0.091
10.820,0.109
10.825,0.121
10.830,0.122
10.835,0.117
10.840,0.109
10.845,0.098
10.850,0.088
10.855,0.081
10.860,0.080
10.865,0.073
10.870,0.046
10.875,-0.017
10.880,-0.167
10.885,-0.419
10.890,-0.706
10.895,-0.958
10.900,-0.976
10.905,-0.554
10.910,0.112
10.915,0.557
10.920,0.754
10.925,0.976
10.930,1.129
10.935,0.996
10.940,0.583
10.945,0.197
10.950,0.081
10.955,0.063
10.960,0.008
10.965,0.000
10.970,0.024
10.975,0.000
10.980,-0.024
10.985,-0.015
10.990,-0.022
10.995,-0.041
11.000,-0.039
11.005,-0.033
11.010,-0.039
11.015,-0.039
11.020,-0.039
11.025,-0.053
11.030,-0.064
11.035,-0.060
11.040,-0.056
11.045,-0.058
11.050,-0.062
11.055,-0.067
11.060,-0.073
11.065,-0.076
11.070,-0.080
11.075,-0.088
11.080,-0.096
11.085,-0.100
11.090,-0.107
11.095,-0.113
11.100,-0.119
11.105,-0.127
11.110,-0.134
11.115,-0.143
11.120,-0.155
11.125,-0.170
11.130,-0.183
11.135,-0.194
11.140,-0.202
11.145,-0.208
11.150,-0.218
11.155,-0.228
11.160,-0.236
11.165,-0.246
11.170,-0.251
11.175,-0.249
11.180,-0.241
11.185,-0.228
11.190,-0.216
11.195,-0.199
11.200,-0.179
11.205,-0.155
11.210,-0.122
11.215,-0.082
11.220,-0.034
11.225,0.014
11.230,0.058
11.235,0.099
11.240,0.133
11.245,0.161
11.250,0.184
11.255,0.203
11.260,0.219
11.265,0.229
11.270,0.232
11.275,0.231
11.280,0.232
11.285,0.236
11.290,0.233
11.295,0.224
11.300,0.216
11.305,0.209
11.310,0.203
11.315,0.194
11.320,0.186
11.325,0.177
11.330,0.168
11.335,0.160
11.340,0.151
11.345,0.142
11.350,0.132
11.355,0.125
11.360,0.121
11.365,0.115
11.370,0.108
11.375,0.096
11.380,0.083
11.385,0.079
11.390,0.078
11.395,0.079
11.400,0.074
11.405,0.067
11.410,0.061
11.415,0.054
11.420,0.049
11.425,0.046
11.430,0.045
11.435,0.045
11.440,0.044
11.445,0.044
11.450,0.041
11.455,0.037
11.460,0.038
11.465,0.037
11.470,0.035
11.475,0.034
11.480,0.032
11.485,0.030
11.490,0.026
11.495,0.020
11.500,0.015
11.505,0.013
11.510,0.012
11.515,0.010
11.520,0.009
11.525,0.011
11.530,0.013
11.535,0.011
11.540,0.003
11.545,-0.005
11.550,-0.010
11.555,-0.013
11.560,-0.012
11.565,-0.011
11.570,-0.014
11.575,-0.020
11.580,-0.022
11.585,-0.021
11.590,-0.020
11.595,-0.022
11.600,-0.025
11.605,-0.025
11.610,-0.026
11.615,-0.029
11.620,-0.032
11.625,-0.033
11.630,-0.035
11.635,-0.036
11.640,-0.037
11.645,-0.038
11.650,-0.039
11.655,-0.039
11.660,-0.037
11.665,-0.035
11.670,-0.036
11.675,-0.041
11.680,-0.043
11.685,-0.042
11.690,-0.041
11.695,-0.040
11.700,-0.038
11.705,-0.037
11.710,-0.036
11.715,-0.039
11.720,-0.043
11.725,-0.044
11.730,-0.045
11.735,-0.042
11.740,-0.038
11.745,-0.039
11.750,-0.039
11.755,-0.038
11.760,-0.039
11.765,-0.039
11.770,-0.036
11.775,-0.038
11.780,-0.044
11.785,-0.053
11.790,-0.069
11.795,-0.082
11.800,-0.093
11.805,-0.106
11.810,-0.117
11.815,-0.123
11.820,-0.121
11.825,-0.131
11.830,-0.158
11.835,-0.176
11.840,-0.163
11.845,-0.141
11.850,-0.147
11.855,-0.154
11.860,-0.117
11.865,-0.051
11.870,-0.002
11.875,0.019
11.880,0.037
11.885,0.063
11.890,0.077
11.895,0.079
11.900,0.087
11.905,0.103
11.910,0.112
11.915,0.111
11.920,0.107
11.925,0.101
11.930,0.094
11.935,0.084
11.940,0.075
11.945,0.067
11.950,0.050
11.955,0.011
11.960,-0.078
11.965,-0.260
11.970,-0.518
11.975,-0.782
11.980,-0.939
11.985,-0.781
11.990,-0.227
11.995,0.337
12.000,0.595
12.005,0.781
12.010,1.015
12.015,1.076
12.020,0.809
12.025,0.366
12.030,0.101
12.035,0.073
12.040,0.045
12.045,-0.003
12.050,0.010
12.055,0.013
12.060,-0.021
12.065,-0.027
12.070,-0.018
12.075,-0.032
12.080,-0.037
12.085,-0.027
12.090,-0.033
12.095,-0.043
12.100,-0.041
12.105,-0.042
12.110,-0.050
12.115,-0.053
12.120,-0.051
12.125,-0.054
12.130,-0.058
12.135,-0.063
12.140,-0.072
12.145,-0.077
12.150,-0.080
12.155,-0.086
12.160,-0.092
12.165,-0.097
12.170,-0.101
12.175,-0.107
12.180,-0.116
12.185,-0.125
12.190,-0.131
12.195,-0.137
12.200,-0.145
12.205,-0.155
12.210,-0.168
12.215,-0.177
12.220,-0.189
12.225,-0.205
12.230,-0.220
12.235,-0.232
12.240,-0.237
12.245,-0.240
12.250,-0.242
12.255,-0.242
12.260,-0.241
12.265,-0.235
12.270,-0.224
12.275,-0.210
12.280,-0.190
12.285,-0.164
12.290,-0.133
12.295,-0.098
12.300,-0.058
12.305,-0.014
12.310,0.032
12.315,0.075
12.320,0.113
12.325,0.144
12.330,0.172
12.335,0.198
12.340,0.215
12.345,0.224
12.350,0.231
12.355,0.237
12.360,0.240
12.365,0.237
12.370,0.231
12.375,0.226
12.380,0.222
12.385,0.216
12.390,0.207
12.395,0.194
12.400,0.180
12.405,0.169
12.410,0.164
12.415,0.163
12.420,0.157
12.425,0.149
12.430,0.143
12.435,0.135
12.440,0.125
12.445,0.116
12.450,0.110
12.455,0.104
12.460,0.096
12.465,0.087
12.470,0.079
12.475,0.075
12.480,0.070
12.485,0.068
12.490,0.066
12.495,0.065
12.500,0.063
12.505,0.061
12.510,0.057
12.515,0.051
12.520,0.048
12.525,0.047
12.530,0.046
12.535,0.045
12.540,0.046
12.545,0.046
12.550,0.043
12.555,0.039
12.560,0.034
12.565,0.028
12.570,0.024
12.575,0.022
12.580,0.022
12.585,0.022
12.590,0.020
12.595,0.016
12.600,0.013
12.605,0.010
12.610,0.010
12.615,0.007
12.620,0.004
12.625,0.001
12.630,-0.001
12.635,-0.003
12.640,-0.006
12.645,-0.007
12.650,-0.005
12.655,-0.006
12.660,-0.011
12.665,-0.016
12.670,-0.020
12.675,-0.022
12.680,-0.022
12.685,-0.022
12.690,-0.022
12.695,-0.023
12.700,-0.023
12.705,-0.025
12.710,-0.028
12.715,-0.027
12.720,-0.024
12.725,-0.022
12.730,-0.024
12.735,-0.032
12.740,-0.040
12.745,-0.044
12.750,-0.041
12.755,-0.035
12.760,-0.034
12.765,-0.035
12.770,-0.035
12.775,-0.034
12.780,-0.036
12.785,-0.038
12.790,-0.041
12.795,-0.042
12.800,-0.043
12.805,-0.044
12.810,-0.042
12.815,-0.038
12.820,-0.035
12.825,-0.032
12.830,-0.032
12.835,-0.035
12.840,-0.038
12.845,-0.038
12.850,-0.039
12.855,-0.038
12.860,-0.036
12.865,-0.037
12.870,-0.042
12.875,-0.055
12.880,-0.070
12.885,-0.078
12.890,-0.086
12.895,-0.102
12.900,-0.118
12.905,-0.129
12.910,-0.132
12.915,-0.145
12.920,-0.173
12.925,-0.187
12.930,-0.171
12.935,-0.148
12.940,-0.152
12.945,-0.162
12.950,-0.129
12.955,-0.064
12.960,-0.014
12.965,0.005
12.970,0.025
12.975,0.057
12.980,0.077
12.985,0.082
12.990,0.089
12.995,0.104
13.000,0.113
13.005,0.111
13.010,0.106
13.015,0.099
13.020,0.089
13.025,0.077
13.030,0.071
13.035,0.069
13.040,0.055
13.045,0.014
13.050,-0.078
13.055,-0.262
13.060,-0.509
13.065,-0.743
13.070,-0.865
13.075,-0.700
13.080,-0.181
13.085,0.333
13.090,0.548
13.095,0.712
13.100,0.956
13.105,1.035
13.110,0.787
13.115,0.359
13.120,0.101
13.125,0.073
13.130,0.042
13.135,-0.011
13.140,0.003
13.145,0.011
13.150,-0.021
13.155,-0.024
13.160,-0.012
13.165,-0.028
13.170,-0.039
13.175,-0.029
13.180,-0.032
13.185,-0.042
13.190,-0.039
13.195,-0.037
13.200,-0.045
13.205,-0.049
13.210,-0.052
13.215,-0.059
13.220,-0.062
13.225,-0.063
13.230,-0.068
13.235,-0.074
13.240,-0.079
13.245,-0.084
13.250,-0.089
13.255,-0.092
13.260,-0.094
13.265,-0.101
13.270,-0.110
13.275,-0.119
13.280,-0.129
13.285,-0.138
13.290,-0.147
13.295,-0.155
13.300,-0.163
13.305,-0.174
13.310,-0.186
13.315,-0.198
13.320,-0.208
13.325,-0.216
13.330,-0.224
13.335,-0.229
13.340,-0.233
13.345,-0.236
13.350,-0.236
13.355,-0.231
13.360,-0.220
13.365,-0.206
13.370,-0.187
13.375,-0.164
13.380,-0.135
13.385,-0.100
13.390,-0.063
13.395,-0.020
13.400,0.025
13.405,0.067
13.410,0.107
13.415,0.145
13.420,0.176
13.425,0.198
13.430,0.209
13.435,0.214
13.440,0.219
13.445,0.222
13.450,0.222
13.455,0.224
13.460,0.223
13.465,0.221
13.470,0.216
13.475,0.209
13.480,0.202
13.485,0.193
13.490,0.182
13.495,0.173
13.500,0.166
13.505,0.159
13.510,0.151
13.515,0.143
13.520,0.136
13.525,0.130
13.530,0.124
13.535,0.118
13.540,0.109
13.545,0.101
13.550,0.094
13.555,0.088
13.560,0.084
13.565,0.080
13.570,0.075
13.575,0.072
13.580,0.068
13.585,0.065
13.590,0.065
13.595,0.063
13.600,0.062
13.605,0.059
13.610,0.051
13.615,0.044
13.620,0.041
13.625,0.040
13.630,0.043
13.635,0.045
13.640,0.041
13.645,0.037
13.650,0.034
13.655,0.032
13.660,0.030
13.665,0.027
13.670,0.025
13.675,0.022
13.680,0.019
13.685,0.017
13.690,0.016
13.695,0.015
13.700,0.014
13.705,0.010
13.710,0.007
13.715,0.002
13.720,-0.003
13.725,-0.005
13.730,-0.007
13.735,-0.007
13.740,-0.007
13.745,-0.009
13.750,-0.012
13.755,-0.016
13.760,-0.019
13.765,-0.020
13.770,-0.019
13.775,-0.016
13.780,-0.018
13.785,-0.019
13.790,-0.024
13.795,-0.031
13.800,-0.036
13.805,-0.039
13.810,-0.035
13.815,-0.032
13.820,-0.034
13.825,-0.035
13.830,-0.035
13.835,-0.035
13.840,-0.036
13.845,-0.038
13.850,-0.038
13.855,-0.036
13.860,-0.035
13.865,-0.036
13.870,-0.038
13.875,-0.040
13.880,-0.042
13.885,-0.042
13.890,-0.041
13.895,-0.041
13.900,-0.039
13.905,-0.039
13.910,-0.038
13.915,-0.038
13.920,-0.039
13.925,-0.039
13.930,-0.039
13.935,-0.038
13.940,-0.038
13.945,-0.041
13.950,-0.052
13.955,-0.069
13.960,-0.083
13.965,-0.097
13.970,-0.114
13.975,-0.128
13.980,-0.135
13.985,-0.130
13.990,-0.135
13.995,-0.163
14.000,-0.186
14.005,-0.178
14.010,-0.153
14.015,-0.155
14.020,-0.167
14.025,-0.138
14.030,-0.072
14.035,-0.018
14.040,0.004
14.045,0.025
14.050,0.059
14.055,0.081
14.060,0.088
14.065,0.099
14.070,0.118
14.075,0.124
14.080,0.116
14.085,0.110
14.090,0.105
14.095,0.098
14.100,0.090
14.105,0.084
14.110,0.079
14.115,0.064
14.120,0.023
14.125,-0.075
14.130,-0.260
14.135,-0.501
14.140,-0.721
14.145,-0.834
14.150,-0.681
14.155,-0.190
14.160,0.310
14.165,0.521
14.170,0.679
14.175,0.933
14.180,1.032
14.185,0.794
14.190,0.368
14.195,0.104
14.200,0.074
14.205,0.045
14.210,-0.013
14.215,0.000
14.220,0.013
14.225,-0.019
14.230,-0.026
14.235,-0.013
14.240,-0.026
14.245,-0.037
14.250,-0.030
14.255,-0.034
14.260,-0.043
14.265,-0.041
14.270,-0.040
14.275,-0.050
14.280,-0.056
14.285,-0.058
14.290,-0.063
14.295,-0.066
14.300,-0.066
14.305,-0.068
14.310,-0.073
14.315,-0.075
14.320,-0.079
14.325,-0.088
14.330,-0.097
14.335,-0.103
14.340,-0.111
14.345,-0.116
14.350,-0.119
14.355,-0.128
14.360,-0.137
14.365,-0.147
14.370,-0.155
14.375,-0.162
14.380,-0.173
14.385,-0.184
14.390,-0.195
14.395,-0.207
14.400,-0.218
14.405,-0.227
14.410,-0.231
14.415,-0.233
14.420,-0.234
14.425,-0.233
14.430,-0.227
14.435,-0.217
14.440,-0.207
14.445,-0.192
14.450,-0.169
14.455,-0.138
14.460,-0.101
14.465,-0.063
14.470,-0.020
14.475,0.023
14.480,0.063
14.485,0.100
14.490,0.131
14.495,0.154
14.500,0.174
14.505,0.191
14.510,0.207
14.515,0.218
14.520,0.222
14.525,0.222
14.530,0.222
14.535,0.220
14.540,0.215
14.545,0.208
14.550,0.200
14.555,0.193
14.560,0.185
14.565,0.177
14.570,0.170
14.575,0.162
14.580,0.154
14.585,0.146
14.590,0.138
14.595,0.130
14.600,0.123
14.605,0.115
14.610,0.110
14.615,0.105
14.620,0.098
14.625,0.091
14.630,0.084
14.635,0.081
14.640,0.080
14.645,0.080
14.650,0.079
14.655,0.076
14.660,0.069
14.665,0.058
14.670,0.051
14.675,0.047
14.680,0.047
14.685,0.049
14.690,0.047
14.695,0.046
14.700,0.044
14.705,0.042
14.710,0.040
14.715,0.038
14.720,0.035
14.725,0.033
14.730,0.032
14.735,0.032
14.740,0.030
14.745,0.027
14.750,0.023
14.755,0.019
14.760,0.014
14.765,0.010
14.770,0.007
14.775,0.005
14.780,0.004
14.785,0.001
14.790,-0.002
14.795,-0.003
14.800,-0.003
14.805,-0.004
14.810,-0.004
14.815,-0.004
14.820,-0.005
14.825,-0.009
14.830,-0.014
14.835,-0.020
14.840,-0.023
14.845,-0.026
14.850,-0.028
14.855,-0.028
14.860,-0.029
14.865,-0.030
14.870,-0.030
14.875,-0.031
14.880,-0.029
14.885,-0.026
14.890,-0.026
14.895,-0.027
14.900,-0.030
14.905,-0.034
14.910,-0.036
14.915,-0.037
14.920,-0.037
14.925,-0.037
14.930,-0.038
14.935,-0.038
14.940,-0.039
14.945,-0.039
14.950,-0.039
14.955,-0.039
14.960,-0.039
14.965,-0.039
14.970,-0.038
14.975,-0.036
14.980,-0.036
14.985,-0.034
14.990,-0.033
14.995,-0.033
15.000,-0.037
15.005,-0.050
15.010,-0.070
15.015,-0.089
15.020,-0.101
15.025,-0.113
15.030,-0.124
15.035,-0.132
15.040,-0.131
15.045,-0.138
15.050,-0.165
15.055,-0.190
15.060,-0.184
15.065,-0.158
15.070,-0.154
15.075,-0.167
15.080,-0.145
15.085,-0.080
15.090,-0.021
15.095,0.004
15.100,0.023
15.105,0.056
15.110,0.080
15.115,0.086
15.120,0.092
15.125,0.108
15.130,0.119
15.135,0.116
15.140,0.109
15.145,0.105
15.150,0.099
15.155,0.090
15.160,0.084
15.165,0.081
15.170,0.068
15.175,0.028
15.180,-0.062
15.185,-0.235
15.190,-0.473
15.195,-0.687
15.200,-0.807
15.205,-0.700
15.210,-0.261
15.215,0.241
15.220,0.477
15.225,0.616
15.230,0.873
15.235,1.031
15.240,0.855
15.245,0.444
15.250,0.136
15.255,0.078
15.260,0.060
15.265,-0.004
15.270,-0.004
15.275,0.017
15.280,-0.015
15.285,-0.030
15.290,-0.013
15.295,-0.022
15.300,-0.037
15.305,-0.030
15.310,-0.029
15.315,-0.041
15.320,-0.042
15.325,-0.039
15.330,-0.046
15.335,-0.050
15.340,-0.050
15.345,-0.058
15.350,-0.066
15.355,-0.065
15.360,-0.065
15.365,-0.073
15.370,-0.080
15.375,-0.085
15.380,-0.091
15.385,-0.098
15.390,-0.103
15.395,-0.106
15.400,-0.112
15.405,-0.119
15.410,-0.126
15.415,-0.134
15.420,-0.141
15.425,-0.151
15.430,-0.163
15.435,-0.173
15.440,-0.182
15.445,-0.191
15.450,-0.200
15.455,-0.208
15.460,-0.217
15.465,-0.224
15.470,-0.230
15.475,-0.234
15.480,-0.234
15.485,-0.229
15.490,-0.221
15.495,-0.208
15.500,-0.190
15.505,-0.167
15.510,-0.139
15.515,-0.107
15.520,-0.068
15.525,-0.025
15.530,0.017
15.535,0.060
15.540,0.098
15.545,0.130
15.550,0.154
15.555,0.168
15.560,0.181
15.565,0.195
15.570,0.210
15.575,0.222
15.580,0.222
15.585,0.218
15.590,0.215
15.595,0.210
15.600,0.204
15.605,0.193
15.610,0.184
15.615,0.180
15.620,0.179
15.625,0.176
15.630,0.169
15.635,0.155
15.640,0.142
15.645,0.135
15.650,0.130
15.655,0.122
15.660,0.115
15.665,0.110
15.670,0.106
15.675,0.099
15.680,0.091
15.685,0.086
15.690,0.082
15.695,0.076
15.700,0.071
15.705,0.068
15.710,0.069
15.715,0.069
15.720,0.069
15.725,0.068
15.730,0.064
15.735,0.056
15.740,0.047
15.745,0.040
15.750,0.038
15.755,0.040
15.760,0.039
15.765,0.035
15.770,0.033
15.775,0.034
15.780,0.034
15.785,0.033
15.790,0.031
15.795,0.031
15.800,0.031
15.805,0.026
15.810,0.020
15.815,0.017
15.820,0.014
15.825,0.011
15.830,0.004
15.835,-0.002
15.840,-0.003
15.845,-0.003
15.850,-0.004
15.855,-0.004
15.860,-0.002
15.865,0.000
15.870,-0.002
15.875,-0.008
15.880,-0.012
15.885,-0.012
15.890,-0.013
15.895,-0.019
15.900,-0.023
15.905,-0.026
15.910,-0.031
15.915,-0.032
15.920,-0.034
15.925,-0.031
15.930,-0.022
15.935,-0.019
15.940,-0.018
15.945,-0.021
15.950,-0.027
15.955,-0.032
15.960,-0.033
15.965,-0.031
15.970,-0.031
15.975,-0.031
15.980,-0.032
15.985,-0.034
15.990,-0.035
15.995,-0.037
16.000,-0.036
16.005,-0.038
16.010,-0.041
16.015,-0.045
16.020,-0.060
16.025,-0.076
16.030,-0.086
16.035,-0.090
16.040,-0.099
16.045,-0.118
16.050,-0.132
16.055,-0.131
16.060,-0.135
16.065,-0.161
16.070,-0.186
16.075,-0.183
16.080,-0.169
16.085,-0.179
16.090,-0.187
16.095,-0.153
16.100,-0.081
16.105,-0.018
16.110,0.009
16.115,0.029
16.120,0.061
16.125,0.082
16.130,0.087
16.135,0.095
16.140,0.107
16.145,0.112
16.150,0.106
16.155,0.098
16.160,0.101
16.165,0.103
16.170,0.096
16.175,0.088
16.180,0.079
16.185,0.059
16.190,0.009
16.195,-0.093
16.200,-0.268
16.205,-0.488
16.210,-0.675
16.215,-0.760
16.220,-0.628
16.225,-0.205
16.230,0.262
16.235,0.456
16.240,0.556
16.245,0.819
16.250,1.005
16.255,0.845
16.260,0.451
16.265,0.143
16.270,0.073
16.275,0.057
16.280,-0.008
16.285,-0.008
16.290,0.014
16.295,-0.023
16.300,-0.032
16.305,-0.002
16.310,-0.014
16.315,-0.039
16.320,-0.031
16.325,-0.031
16.330,-0.051
16.335,-0.059
16.340,-0.057
16.345,-0.061
16.350,-0.059
16.355,-0.055
16.360,-0.060
16.365,-0.073
16.370,-0.080
16.375,-0.080
16.380,-0.086
16.385,-0.087
16.390,-0.083
16.395,-0.084
16.400,-0.089
16.405,-0.102
16.410,-0.112
16.415,-0.114
16.420,-0.122
16.425,-0.129
16.430,-0.134
16.435,-0.142
16.440,-0.149
16.445,-0.162
16.450,-0.180
16.455,-0.192
16.460,-0.194
16.465,-0.196
16.470,-0.203
16.475,-0.210
16.480,-0.217
16.485,-0.224
16.490,-0.227
16.495,-0.230
16.500,-0.225
16.505,-0.220
16.510,-0.215
16.515,-0.194
16.520,-0.164
16.525,-0.134
16.530,-0.102
16.535,-0.063
16.540,-0.021
16.545,0.013
16.550,0.043
16.555,0.080
16.560,0.118
16.565,0.143
16.570,0.165
16.575,0.187
16.580,0.204
16.585,0.210
16.590,0.205
16.595,0.207
16.600,0.215
16.605,0.215
16.610,0.209
16.615,0.201
16.620,0.183
16.625,0.163
16.630,0.157
16.635,0.154
16.640,0.152
16.645,0.149
16.650,0.140
16.655,0.135
16.660,0.131
16.665,0.124
16.670,0.116
16.675,0.114
16.680,0.114
16.685,0.111
16.690,0.101
16.695,0.087
16.700,0.075
16.705,0.069
16.710,0.070
16.715,0.072
16.720,0.067
16.725,0.059
16.730,0.053
16.735,0.060
16.740,0.069
16.745,0.064
16.750,0.057
16.755,0.057
16.760,0.054
16.765,0.044
16.770,0.036
16.775,0.043
16.780,0.055
16.785,0.047
16.790,0.034
16.795,0.026
16.800,0.027
16.805,0.030
16.810,0.030
16.815,0.033
16.820,0.032
16.825,0.015
16.830,0.005
16.835,0.011
16.840,0.007
16.845,0.002
16.850,0.011
16.855,0.016
16.860,0.012
16.865,0.010
16.870,0.008
16.875,0.005
16.880,-0.011
16.885,-0.025
16.890,-0.016
16.895,-0.009
16.900,-0.015
16.905,-0.015
16.910,-0.008
16.915,-0.006
16.920,-0.011
16.925,-0.018
16.930,-0.021
16.935,-0.022
16.940,-0.025
16.945,-0.030
16.950,-0.033
16.955,-0.027
16.960,-0.020
16.965,-0.026
16.970,-0.032
16.975,-0.040
16.980,-0.042
16.985,-0.030
16.990,-0.029
16.995,-0.036
17.000,-0.035
17.005,-0.037
17.010,-0.035
17.015,-0.034
17.020,-0.050
17.025,-0.070
17.030,-0.082
17.035,-0.092
17.040,-0.107
17.045,-0.121
17.050,-0.131
17.055,-0.130
17.060,-0.122
17.065,-0.140
17.070,-0.174
17.075,-0.185
17.080,-0.174
17.085,-0.174
17.090,-0.180
17.095,-0.152
17.100,-0.085
17.105,-0.027
17.110,-0.006
17.115,0.011
17.120,0.050
17.125,0.081
17.130,0.091
17.135,0.093
17.140,0.100
17.145,0.105
17.150,0.104
17.155,0.102
17.160,0.098
17.165,0.096
17.170,0.088
17.175,0.082
17.180,0.076
17.185,0.060
17.190,0.025
17.195,-0.050
17.200,-0.193
17.205,-0.393
17.210,-0.582
17.215,-0.710
17.220,-0.684
17.225,-0.374
17.230,0.131
17.235,0.450
17.240,0.507
17.245,0.669
17.250,0.923
17.255,0.936
17.260,0.632
17.265,0.263
17.270,0.108
17.275,0.079
17.280,0.004
17.285,-0.042
17.290,-0.012
17.295,-0.010
17.300,-0.036
17.305,-0.022
17.310,-0.012
17.315,-0.043
17.320,-0.055
17.325,-0.040
17.330,-0.052
17.335,-0.074
17.340,-0.075
17.345,-0.075
17.350,-0.078
17.355,-0.075
17.360,-0.077
17.365,-0.085
17.370,-0.084
17.375,-0.081
17.380,-0.084
17.385,-0.081
17.390,-0.080
17.395,-0.092
17.400,-0.105
17.405,-0.114
17.410,-0.123
17.415,-0.126
17.420,-0.123
17.425,-0.130
17.430,-0.138
17.435,-0.139
17.440,-0.143
17.445,-0.149
17.450,-0.157
17.455,-0.172
17.460,-0.187
17.465,-0.210
17.470,-0.230
17.475,-0.234
17.480,-0.237
17.485,-0.237
17.490,-0.228
17.495,-0.221
17.500,-0.215
17.505,-0.216
17.510,-0.216
17.515,-0.202
17.520,-0.178
17.525,-0.143
17.530,-0.105
17.535,-0.074
17.540,-0.042
17.545,-0.003
17.550,0.038
17.555,0.078
17.560,0.115
17.565,0.153
17.570,0.187
17.575,0.202
17.580,0.207
17.585,0.206
17.590,0.207
17.595,0.212
17.600,0.209
17.605,0.198
17.610,0.191
17.615,0.201
17.620,0.216
17.625,0.209
17.630,0.186
17.635,0.171
17.640,0.169
17.645,0.162
17.650,0.148
17.655,0.137
17.660,0.132
17.665,0.130
17.670,0.127
17.675,0.121
17.680,0.111
17.685,0.100
17.690,0.094
17.695,0.086
17.700,0.075
17.705,0.067
17.710,0.071
17.715,0.083
17.720,0.085
17.725,0.076
17.730,0.070
17.735,0.065
17.740,0.065
17.745,0.062
17.750,0.048
17.755,0.037
17.760,0.036
17.765,0.039
17.770,0.043
17.775,0.044
17.780,0.046
17.785,0.051
17.790,0.045
17.795,0.043
17.800,0.047
17.805,0.043
17.810,0.034
17.815,0.023
17.820,0.018
17.825,0.024
17.830,0.023
17.835,0.012
17.840,0.006
17.845,0.009
17.850,0.011
17.855,0.010
17.860,0.007
17.865,0.003
17.870,0.000
17.875,-0.002
17.880,-0.004
17.885,0.000
17.890,-0.004
17.895,-0.018
17.900,-0.022
17.905,-0.023
17.910,-0.020
17.915,-0.017
17.920,-0.015
17.925,-0.015
17.930,-0.024
17.935,-0.029
17.940,-0.020
17.945,-0.016
17.950,-0.023
17.955,-0.032
17.960,-0.037
17.965,-0.031
17.970,-0.018
17.975,-0.018
17.980,-0.026
17.985,-0.030
17.990,-0.033
17.995,-0.035
18.000,-0.038
18.005,-0.038
18.010,-0.037
18.015,-0.047
18.020,-0.069
18.025,-0.089
18.030,-0.100
18.035,-0.109
18.040,-0.117
18.045,-0.118
18.050,-0.120
18.055,-0.143
18.060,-0.172
18.065,-0.188
18.070,-0.178
18.075,-0.158
18.080,-0.154
18.085,-0.147
18.090,-0.116
18.095,-0.063
18.100,-0.016
18.105,0.005
18.110,0.021
18.115,0.044
18.120,0.061
18.125,0.072
18.130,0.085
18.135,0.111
18.140,0.131
18.145,0.118
18.150,0.093
18.155,0.080
18.160,0.082
18.165,0.080
18.170,0.071
18.175,0.062
18.180,0.043
18.185,0.005
18.190,-0.081
18.195,-0.250
18.200,-0.472
18.205,-0.687
18.210,-0.827
18.215,-0.725
18.220,-0.276
18.225,0.252
18.230,0.495
18.235,0.606
18.240,0.855
18.245,1.037
18.250,0.881
18.255,0.481
18.260,0.179
18.265,0.107
18.270,0.066
18.275,-0.014
18.280,-0.024
18.285,-0.003
18.290,-0.036
18.295,-0.050
18.300,-0.019
18.305,-0.030
18.310,-0.065
18.315,-0.056
18.320,-0.044
18.325,-0.058
18.330,-0.064
18.335,-0.063
18.340,-0.068
18.345,-0.066
18.350,-0.069
18.355,-0.084
18.360,-0.081
18.365,-0.073
18.370,-0.080
18.375,-0.088
18.380,-0.096
18.385,-0.104
18.390,-0.105
18.395,-0.103
18.400,-0.101
18.405,-0.107
18.410,-0.121
18.415,-0.126
18.420,-0.130
18.425,-0.144
18.430,-0.156
18.435,-0.157
18.440,-0.165
18.445,-0.193
18.450,-0.219
18.455,-0.227
18.460,-0.226
18.465,-0.234
18.470,-0.242
18.475,-0.235
18.480,-0.232
18.485,-0.233
18.490,-0.240
18.495,-0.247
18.500,-0.223
18.505,-0.189
18.510,-0.178
18.515,-0.178
18.520,-0.159
18.525,-0.106
18.530,-0.055
18.535,-0.018
18.540,0.028
18.545,0.082
18.550,0.135
18.555,0.171
18.560,0.188
18.565,0.203
18.570,0.217
18.575,0.226
18.580,0.222
18.585,0.221
18.590,0.235
18.595,0.251
18.600,0.259
18.605,0.244
18.610,0.218
18.615,0.205
18.620,0.199
18.625,0.183
18.630,0.172
18.635,0.175
18.640,0.179
18.645,0.184
18.650,0.183
18.655,0.159
18.660,0.135
18.665,0.121
18.670,0.106
18.675,0.104
18.680,0.099
18.685,0.082
18.690,0.080
18.695,0.087
18.700,0.083
18.705,0.077
18.710,0.073
18.715,0.071
18.720,0.067
18.725,0.050
18.730,0.031
18.735,0.024
18.740,0.021
18.745,0.028
18.750,0.052
18.755,0.071
18.760,0.072
18.765,0.051
18.770,0.025
18.775,0.018
18.780,0.018
18.785,0.016
18.790,0.016
18.795,0.011
18.800,0.009
18.805,0.016
18.810,0.028
18.815,0.039
18.820,0.039
18.825,0.027
18.830,0.017
18.835,0.005
18.840,-0.007
18.845,-0.009
18.850,-0.011
18.855,-0.007
18.860,0.003
18.865,0.003
18.870,-0.005
18.875,-0.011
18.880,-0.014
18.885,-0.009
18.890,-0.011
18.895,-0.026
18.900,-0.028
18.905,-0.017
18.910,-0.012
18.915,-0.019
18.920,-0.031
18.925,-0.033
18.930,-0.029
18.935,-0.029
18.940,-0.034
18.945,-0.034
18.950,-0.029
18.955,-0.032
18.960,-0.030
18.965,-0.027
18.970,-0.037
18.975,-0.047
18.980,-0.051
18.985,-0.048
18.990,-0.029
18.995,-0.018
19.000,-0.034
19.005,-0.058
19.010,-0.088
19.015,-0.104
19.020,-0.099
19.025,-0.112
19.030,-0.127
19.035,-0.128
19.040,-0.117
19.045,-0.114
19.050,-0.144
19.055,-0.178
19.060,-0.182
19.065,-0.171
19.070,-0.173
19.075,-0.176
19.080,-0.141
19.085,-0.077
19.090,-0.029
19.095,0.002
19.100,0.035
19.105,0.062
19.110,0.075
19.115,0.073
19.120,0.078
19.125,0.098
19.130,0.106
19.135,0.094
19.140,0.081
19.145,0.077
19.150,0.070
19.155,0.066
19.160,0.067
19.165,0.070
19.170,0.066
19.175,0.031
19.180,-0.048
19.185,-0.202
19.190,-0.441
19.195,-0.710
19.200,-0.932
19.205,-0.922
19.210,-0.494
19.215,0.151
19.220,0.531
19.225,0.662
19.230,0.880
19.235,1.079
19.240,0.981
19.245,0.582
19.250,0.209
19.255,0.094
19.260,0.064
19.265,-0.010
19.270,-0.026
19.275,0.011
19.280,-0.008
19.285,-0.035
19.290,-0.010
19.295,-0.009
19.300,-0.038
19.305,-0.045
19.310,-0.052
19.315,-0.072
19.320,-0.073
19.325,-0.062
19.330,-0.056
19.335,-0.059
19.340,-0.076
19.345,-0.091
19.350,-0.089
19.355,-0.079
19.360,-0.076
19.365,-0.086
19.370,-0.090
19.375,-0.081
19.380,-0.081
19.385,-0.096
19.390,-0.111
19.395,-0.116
19.400,-0.117
19.405,-0.123
19.410,-0.124
19.415,-0.137
19.420,-0.153
19.425,-0.163
19.430,-0.182
19.435,-0.199
19.440,-0.209
19.445,-0.218
19.450,-0.217
19.455,-0.216
19.460,-0.228
19.465,-0.241
19.470,-0.247
19.475,-0.255
19.480,-0.259
19.485,-0.253
19.490,-0.248
19.495,-0.235
19.500,-0.206
19.505,-0.179
19.510,-0.144
19.515,-0.097
19.520,-0.051
19.525,-0.006
19.530,0.039
19.535,0.084
19.540,0.129
19.545,0.161
19.550,0.182
19.555,0.202
19.560,0.220
19.565,0.233
19.570,0.249
19.575,0.264
19.580,0.264
19.585,0.251
19.590,0.241
19.595,0.241
19.600,0.232
19.605,0.221
19.610,0.218
19.615,0.211
19.620,0.196
19.625,0.184
19.630,0.177
19.635,0.175
19.640,0.176
19.645,0.165
19.650,0.144
19.655,0.124
19.660,0.112
19.665,0.113
19.670,0.118
19.675,0.109
19.680,0.092
19.685,0.083
19.690,0.073
19.695,0.057
19.700,0.055
19.705,0.061
19.710,0.060
19.715,0.062
19.720,0.055
19.725,0.042
19.730,0.043
19.735,0.045
19.740,0.042
19.745,0.044
19.750,0.039
19.755,0.035
19.760,0.038
19.765,0.030
19.770,0.020
19.775,0.019
19.780,0.021
19.785,0.023
19.790,0.026
19.795,0.022
19.800,0.014
19.805,0.015
19.810,0.017
19.815,0.020
19.820,0.023
19.825,0.018
19.830,0.010
19.835,-0.001
19.840,-0.011
19.845,-0.012
19.850,-0.008
19.855,-0.003
19.860,0.001
19.865,-0.001
19.870,-0.007
19.875,-0.012
19.880,-0.015
19.885,-0.016
19.890,-0.018
19.895,-0.023
19.900,-0.021
19.905,-0.019
19.910,-0.021
19.915,-0.023
19.920,-0.030
19.925,-0.041
19.930,-0.044
19.935,-0.033
19.940,-0.023
19.945,-0.025
19.950,-0.029
19.955,-0.028
19.960,-0.021
19.965,-0.018
19.970,-0.023
19.975,-0.031
19.980,-0.042
19.985,-0.050
19.990,-0.050
19.995,-0.045
20.000,-0.043
20.005,-0.041
20.010,-0.037
20.015,-0.039
20.020,-0.044
20.025,-0.050
20.030,-0.061
20.035,-0.075
20.040,-0.085
20.045,-0.091
20.050,-0.103
20.055,-0.119
20.060,-0.124
20.065,-0.126
20.070,-0.145
20.075,-0.176
20.080,-0.189
20.085,-0.171
20.090,-0.155
20.095,-0.166
20.100,-0.161
20.105,-0.115
20.110,-0.057
20.115,-0.017
20.120,0.001
20.125,0.027
20.130,0.066
20.135,0.085
20.140,0.089
20.145,0.097
20.150,0.107
20.155,0.109
20.160,0.101
20.165,0.092
20.170,0.086
20.175,0.080
20.180,0.072
20.185,0.067
20.190,0.063
20.195,0.048
20.200,0.008
20.205,-0.089
20.210,-0.288
20.215,-0.558
20.220,-0.825
20.225,-0.976
20.230,-0.790
20.235,-0.209
20.240,0.345
20.245,0.589
20.250,0.783
20.255,1.025
20.260,1.080
20.265,0.798
20.270,0.355
20.275,0.106
20.280,0.076
20.285,0.037
20.290,-0.008
20.295,0.014
20.300,0.017
20.305,-0.018
20.310,-0.019
20.315,-0.008
20.320,-0.030
20.325,-0.047
20.330,-0.042
20.335,-0.047
20.340,-0.051
20.345,-0.042
20.350,-0.044
20.355,-0.053
20.360,-0.055
20.365,-0.055
20.370,-0.062
20.375,-0.069
20.380,-0.072
20.385,-0.075
20.390,-0.081
20.395,-0.085
20.400,-0.091
20.405,-0.095
20.410,-0.097
20.415,-0.102
20.420,-0.109
20.425,-0.115
20.430,-0.124
20.435,-0.134
20.440,-0.144
20.445,-0.153
20.450,-0.164
20.455,-0.177
20.460,-0.188
20.465,-0.199
20.470,-0.210
20.475,-0.217
20.480,-0.226
20.485,-0.239
20.490,-0.253
20.495,-0.264
20.500,-0.269
20.505,-0.262
20.510,-0.245
20.515,-0.228
20.520,-0.211
20.525,-0.188
20.530,-0.159
20.535,-0.126
20.540,-0.087
20.545,-0.041
20.550,0.010
20.555,0.057
20.560,0.097
20.565,0.134
20.570,0.165
20.575,0.189
20.580,0.211
20.585,0.229
20.590,0.238
20.595,0.238
20.600,0.243
20.605,0.249
20.610,0.247
20.615,0.242
20.620,0.237
20.625,0.229
20.630,0.221
20.635,0.216
20.640,0.207
20.645,0.198
20.650,0.186
20.655,0.172
20.660,0.160
20.665,0.148
20.670,0.143
20.675,0.141
20.680,0.133
20.685,0.123
20.690,0.115
20.695,0.105
20.700,0.096
20.705,0.088
20.710,0.083
20.715,0.076
20.720,0.069
20.725,0.064
20.730,0.063
20.735,0.060
20.740,0.054
20.745,0.048
20.750,0.045
20.755,0.044
20.760,0.042
20.765,0.040
20.770,0.038
20.775,0.040
20.780,0.041
20.785,0.035
20.790,0.032
20.795,0.031
20.800,0.033
20.805,0.036
20.810,0.034
20.815,0.032
20.820,0.026
20.825,0.016
20.830,0.007
20.835,0.004
20.840,0.007
20.845,0.008
20.850,0.005
20.855,0.002
20.860,0.003
20.865,0.004
20.870,0.000
20.875,-0.003
20.880,-0.004
20.885,-0.005
20.890,-0.007
20.895,-0.011
20.900,-0.015
20.905,-0.015
20.910,-0.014
20.915,-0.015
20.920,-0.019
20.925,-0.021
20.930,-0.021
20.935,-0.022
20.940,-0.025
20.945,-0.026
20.950,-0.026
20.955,-0.027
20.960,-0.029
20.965,-0.030
20.970,-0.029
20.975,-0.028
20.980,-0.031
20.985,-0.036
20.990,-0.041
20.995,-0.046
21.000,-0.044
21.005,-0.037
21.010,-0.035
21.015,-0.034
21.020,-0.033
21.025,-0.034
21.030,-0.034
21.035,-0.035
21.040,-0.038
21.045,-0.040
21.050,-0.040
21.055,-0.039
21.060,-0.037
21.065,-0.035
21.070,-0.038
21.075,-0.040
21.080,-0.038
21.085,-0.035
21.090,-0.035
21.095,-0.034
21.100,-0.034
21.105,-0.041
21.110,-0.057
21.115,-0.076
21.120,-0.088
21.125,-0.097
21.130,-0.114
21.135,-0.129
21.140,-0.130
21.145,-0.129
21.150,-0.146
21.155,-0.173
21.160,-0.184
21.165,-0.161
21.170,-0.140
21.175,-0.149
21.180,-0.151
21.185,-0.109
21.190,-0.048
21.195,-0.007
21.200,0.011
21.205,0.035
21.210,0.066
21.215,0.081
21.220,0.081
21.225,0.089
21.230,0.106
21.235,0.113
21.240,0.111
21.245,0.108
21.250,0.103
21.255,0.095
21.260,0.087
21.265,0.081
21.270,0.074
21.275,0.054
21.280,0.009
21.285,-0.102
21.290,-0.315
21.295,-0.591
21.300,-0.861
21.305,-0.981
21.310,-0.736
21.315,-0.132
21.320,0.394
21.325,0.634
21.330,0.853
21.335,1.061
21.340,1.042
21.345,0.713
21.350,0.284
21.355,0.087
21.360,0.075
21.365,0.033
21.370,-0.001
21.375,0.018
21.380,0.010
21.385,-0.016
21.390,-0.011
21.395,-0.007
21.400,-0.024
21.405,-0.025
21.410,-0.020
21.415,-0.032
21.420,-0.039
21.425,-0.034
21.430,-0.036
21.435,-0.044
21.440,-0.047
21.445,-0.049
21.450,-0.055
21.455,-0.060
21.460,-0.064
21.465,-0.068
21.470,-0.071
21.475,-0.073
21.480,-0.078
21.485,-0.086
21.490,-0.094
21.495,-0.104
21.500,-0.113
21.505,-0.120
21.510,-0.126
21.515,-0.132
21.520,-0.141
21.525,-0.151
21.530,-0.161
21.535,-0.175
21.540,-0.187
21.545,-0.198
21.550,-0.206
21.555,-0.217
21.560,-0.228
21.565,-0.233
21.570,-0.236
21.575,-0.243
21.580,-0.243
21.585,-0.239
21.590,-0.233
21.595,-0.223
21.600,-0.213
21.605,-0.190
21.610,-0.156
21.615,-0.128
21.620,-0.095
21.625,-0.046
21.630,0.005
21.635,0.051
21.640,0.091
21.645,0.129
21.650,0.168
21.655,0.194
21.660,0.204
21.665,0.212
21.670,0.223
21.675,0.234
21.680,0.241
21.685,0.241
21.690,0.238
21.695,0.235
21.700,0.228
21.705,0.221
21.710,0.220
21.715,0.217
21.720,0.208
21.725,0.196
21.730,0.180
21.735,0.167
21.740,0.161
21.745,0.151
21.750,0.145
21.755,0.139
21.760,0.128
21.765,0.126
21.770,0.119
21.775,0.105
21.780,0.095
21.785,0.088
21.790,0.091
21.795,0.090
21.800,0.073
21.805,0.065
21.810,0.064
21.815,0.060
21.820,0.058
21.825,0.052
21.830,0.049
21.835,0.048
21.840,0.045
21.845,0.044
21.850,0.044
21.855,0.043
21.860,0.034
21.865,0.029
21.870,0.030
21.875,0.030
21.880,0.032
21.885,0.026
21.890,0.019
21.895,0.020
21.900,0.024
21.905,0.023
21.910,0.015
21.915,0.010
21.920,0.008
21.925,0.007
21.930,0.007
21.935,0.005
21.940,0.002
21.945,-0.001
21.950,-0.003
21.955,-0.007
21.960,-0.010
21.965,-0.010
21.970,-0.010
21.975,-0.010
21.980,-0.011
21.985,-0.015
21.990,-0.015
21.995,-0.014
22.000,-0.015
22.005,-0.019
22.010,-0.029
22.015,-0.034
22.020,-0.032
22.025,-0.028
22.030,-0.027
22.035,-0.031
22.040,-0.032
22.045,-0.031
22.050,-0.031
22.055,-0.032
22.060,-0.033
22.065,-0.031
22.070,-0.030
22.075,-0.031
22.080,-0.034
22.085,-0.037
22.090,-0.034
22.095,-0.030
22.100,-0.030
22.105,-0.034
22.110,-0.041
22.115,-0.045
22.120,-0.046
22.125,-0.044
22.130,-0.037
22.135,-0.033
22.140,-0.035
22.145,-0.038
22.150,-0.039
22.155,-0.044
22.160,-0.057
22.165,-0.074
22.170,-0.090
22.175,-0.101
22.180,-0.115
22.185,-0.125
22.190,-0.128
22.195,-0.142
22.200,-0.168
22.205,-0.187
22.210,-0.181
22.215,-0.155
22.220,-0.148
22.225,-0.168
22.230,-0.162
22.235,-0.107
22.240,-0.038
22.245,0.000
22.250,0.016
22.255,0.045
22.260,0.071
22.265,0.076
22.270,0.079
22.275,0.093
22.280,0.112
22.285,0.117
22.290,0.111
22.295,0.106
22.300,0.097
22.305,0.085
22.310,0.079
22.315,0.080
22.320,0.072
22.325,0.046
22.330,-0.012
22.335,-0.144
22.340,-0.365
22.345,-0.606
22.350,-0.811
22.355,-0.855
22.360,-0.560
22.365,0.003
22.370,0.420
22.375,0.600
22.380,0.836
22.385,1.062
22.390,1.007
22.395,0.638
22.400,0.226
22.405,0.075
22.410,0.075
22.415,0.025
22.420,-0.004
22.425,0.019
22.430,0.001
22.435,-0.033
22.440,-0.028
22.445,-0.024
22.450,-0.036
22.455,-0.030
22.460,-0.029
22.465,-0.045
22.470,-0.047
22.475,-0.040
22.480,-0.044
22.485,-0.051
22.490,-0.050
22.495,-0.055
22.500,-0.067
22.505,-0.071
22.510,-0.073
22.515,-0.081
22.520,-0.093
22.525,-0.098
22.530,-0.094
22.535,-0.091
22.540,-0.092
22.545,-0.102
22.550,-0.118
22.555,-0.126
22.560,-0.125
22.565,-0.125
22.570,-0.136
22.575,-0.151
22.580,-0.159
22.585,-0.172
22.590,-0.190
22.595,-0.200
22.600,-0.206
22.605,-0.214
22.610,-0.222
22.615,-0.236
22.620,-0.251
22.625,-0.253
22.630,-0.245
22.635,-0.235
22.640,-0.225
22.645,-0.219
22.650,-0.206
22.655,-0.183
22.660,-0.159
22.665,-0.125
22.670,-0.081
22.675,-0.041
22.680,0.000
22.685,0.050
22.690,0.092
22.695,0.122
22.700,0.150
22.705,0.176
22.710,0.192
22.715,0.204
22.720,0.217
22.725,0.227
22.730,0.232
22.735,0.232
22.740,0.231
22.745,0.227
22.750,0.217
22.755,0.206
22.760,0.195
22.765,0.186
22.770,0.183
22.775,0.181
22.780,0.170
22.785,0.157
22.790,0.148
22.795,0.146
22.800,0.143
22.805,0.132
22.810,0.121
22.815,0.107
22.820,0.098
22.825,0.098
22.830,0.100
22.835,0.099
22.840,0.093
22.845,0.079
22.850,0.065
22.855,0.055
22.860,0.051
22.865,0.055
22.870,0.055
22.875,0.051
22.880,0.051
22.885,0.054
22.890,0.055
22.895,0.051
22.900,0.047
22.905,0.044
22.910,0.038
22.915,0.033
22.920,0.026
22.925,0.023
22.930,0.023
22.935,0.023
22.940,0.026
22.945,0.025
22.950,0.016
22.955,0.012
22.960,0.012
22.965,0.017
22.970,0.024
22.975,0.017
22.980,0.007
22.985,0.002
22.990,0.000
22.995,0.005
23.000,0.010
23.005,0.008
23.010,-0.001
23.015,-0.015
23.020,-0.023
23.025,-0.019
23.030,-0.015
23.035,-0.019
23.040,-0.017
23.045,-0.014
23.050,-0.014
23.055,-0.008
23.060,-0.009
23.065,-0.018
23.070,-0.028
23.075,-0.038
23.080,-0.041
23.085,-0.039
23.090,-0.036
23.095,-0.028
23.100,-0.025
23.105,-0.028
23.110,-0.029
23.115,-0.029
23.120,-0.034
23.125,-0.036
23.130,-0.036
23.135,-0.039
23.140,-0.037
23.145,-0.029
23.150,-0.034
23.155,-0.046
23.160,-0.051
23.165,-0.049
23.170,-0.037
23.175,-0.029
23.180,-0.042
23.185,-0.065
23.190,-0.081
23.195,-0.091
23.200,-0.099
23.205,-0.107
23.210,-0.117
23.215,-0.118
23.220,-0.120
23.225,-0.150
23.230,-0.188
23.235,-0.199
23.240,-0.180
23.245,-0.173
23.250,-0.183
23.255,-0.157
23.260,-0.085
23.265,-0.018
23.270,0.007
23.275,0.016
23.280,0.043
23.285,0.071
23.290,0.076
23.295,0.078
23.300,0.095
23.305,0.106
23.310,0.106
23.315,0.106
23.320,0.101
23.325,0.096
23.330,0.087
23.335,0.073
23.340,0.064
23.345,0.059
23.350,0.038
23.355,-0.019
23.360,-0.146
23.365,-0.344
23.370,-0.554
23.375,-0.718
23.380,-0.754
23.385,-0.514
23.390,0.000
23.395,0.412
23.400,0.521
23.405,0.666
23.410,0.933
23.415,0.997
23.420,0.710
23.425,0.307
23.430,0.117
23.435,0.100
23.440,0.036
23.445,-0.032
23.450,-0.007
23.455,0.006
23.460,-0.035
23.465,-0.035
23.470,-0.021
23.475,-0.045
23.480,-0.058
23.485,-0.051
23.490,-0.055
23.495,-0.061
23.500,-0.049
23.505,-0.046
23.510,-0.068
23.515,-0.079
23.520,-0.069
23.525,-0.062
23.530,-0.064
23.535,-0.070
23.540,-0.081
23.545,-0.091
23.550,-0.096
23.555,-0.101
23.560,-0.105
23.565,-0.104
23.570,-0.103
23.575,-0.108
23.580,-0.118
23.585,-0.128
23.590,-0.126
23.595,-0.122
23.600,-0.133
23.605,-0.162
23.610,-0.186
23.615,-0.191
23.620,-0.194
23.625,-0.208
23.630,-0.223
23.635,-0.231
23.640,-0.230
23.645,-0.230
23.650,-0.232
23.655,-0.231
23.660,-0.230
23.665,-0.229
23.670,-0.229
23.675,-0.219
23.680,-0.195
23.685,-0.170
23.690,-0.141
23.695,-0.099
23.700,-0.039
23.705,0.020
23.710,0.058
23.715,0.089
23.720,0.124
23.725,0.159
23.730,0.184
23.735,0.193
23.740,0.202
23.745,0.208
23.750,0.221
23.755,0.240
23.760,0.244
23.765,0.244
23.770,0.234
23.775,0.215
23.780,0.202
23.785,0.188
23.790,0.185
23.795,0.190
23.800,0.179
23.805,0.165
23.810,0.159
23.815,0.156
23.820,0.153
23.825,0.144
23.830,0.131
23.835,0.118
23.840,0.113
23.845,0.118
23.850,0.119
23.855,0.112
23.860,0.098
23.865,0.073
23.870,0.061
23.875,0.058
23.880,0.059
23.885,0.067
23.890,0.067
23.895,0.065
23.900,0.061
23.905,0.054
23.910,0.053
23.915,0.059
23.920,0.061
23.925,0.058
23.930,0.050
23.935,0.044
23.940,0.042
23.945,0.031
23.950,0.018
23.955,0.024
23.960,0.034
23.965,0.039
23.970,0.029
23.975,0.013
23.980,0.016
23.985,0.023
23.990,0.024
23.995,0.019
24.000,0.012
24.005,0.013
24.010,0.014
24.015,0.005
24.020,-0.008
24.025,-0.016
24.030,-0.011
24.035,0.001
24.040,-0.001
24.045,-0.011
24.050,-0.016
24.055,-0.014
24.060,-0.018
24.065,-0.028
24.070,-0.022
24.075,-0.007
24.080,-0.010
24.085,-0.025
24.090,-0.033
24.095,-0.025
24.100,-0.015
24.105,-0.023
24.110,-0.037
24.115,-0.033
24.120,-0.024
24.125,-0.027
24.130,-0.030
24.135,-0.032
24.140,-0.034
24.145,-0.033
24.150,-0.037
24.155,-0.040
24.160,-0.032
24.165,-0.031
24.170,-0.045
24.175,-0.051
24.180,-0.048
24.185,-0.038
24.190,-0.023
24.195,-0.029
24.200,-0.053
24.205,-0.078
24.210,-0.099
24.215,-0.113
24.220,-0.122
24.225,-0.125
24.230,-0.122
24.235,-0.122
24.240,-0.134
24.245,-0.156
24.250,-0.178
24.255,-0.175
24.260,-0.156
24.265,-0.160
24.270,-0.152
24.275,-0.108
24.280,-0.055
24.285,-0.018
24.290,-0.002
24.295,0.023
24.300,0.061
24.305,0.075
24.310,0.063
24.315,0.071
24.320,0.097
24.325,0.104
24.330,0.099
24.335,0.100
24.340,0.101
24.345,0.095
24.350,0.084
24.355,0.070
24.360,0.052
24.365,0.030
24.370,-0.010
24.375,-0.092
24.380,-0.261
24.385,-0.501
24.390,-0.731
24.395,-0.871
24.400,-0.741
24.405,-0.222
24.410,0.340
24.415,0.562
24.420,0.668
24.425,0.900
24.430,1.032
24.435,0.832
24.440,0.420
24.445,0.143
24.450,0.093
24.455,0.057
24.460,-0.011
24.465,-0.001
24.470,0.010
24.475,-0.035
24.480,-0.036
24.485,-0.007
24.490,-0.034
24.495,-0.069
24.500,-0.058
24.505,-0.051
24.510,-0.064
24.515,-0.061
24.520,-0.059
24.525,-0.073
24.530,-0.075
24.535,-0.068
24.540,-0.064
24.545,-0.061
24.550,-0.063
24.555,-0.069
24.560,-0.075
24.565,-0.087
24.570,-0.104
24.575,-0.119
24.580,-0.128
24.585,-0.120
24.590,-0.112
24.595,-0.121
24.600,-0.131
24.605,-0.138
24.610,-0.138
24.615,-0.148
24.620,-0.166
24.625,-0.174
24.630,-0.179
24.635,-0.188
24.640,-0.201
24.645,-0.217
24.650,-0.238
24.655,-0.258
24.660,-0.258
24.665,-0.248
24.670,-0.248
24.675,-0.253
24.680,-0.251
24.685,-0.240
24.690,-0.220
24.695,-0.199
24.700,-0.182
24.705,-0.145
24.710,-0.087
24.715,-0.034
24.720,0.009
24.725,0.041
24.730,0.073
24.735,0.114
24.740,0.146
24.745,0.177
24.750,0.214
24.755,0.241
24.760,0.243
24.765,0.234
24.770,0.235
24.775,0.247
24.780,0.251
24.785,0.238
24.790,0.230
24.795,0.228
24.800,0.227
24.805,0.224
24.810,0.211
24.815,0.196
24.820,0.180
24.825,0.160
24.830,0.151
24.835,0.150
24.840,0.139
24.845,0.128
24.850,0.129
24.855,0.125
24.860,0.117
24.865,0.108
24.870,0.109
24.875,0.115
24.880,0.107
24.885,0.085
24.890,0.066
24.895,0.060
24.900,0.058
24.905,0.057
24.910,0.061
24.915,0.066
24.920,0.063
24.925,0.047
24.930,0.041
24.935,0.046
24.940,0.047
24.945,0.042
24.950,0.034
24.955,0.027
24.960,0.031
24.965,0.041
24.970,0.043
24.975,0.039
24.980,0.031
24.985,0.026
24.990,0.027
24.995,0.023
25.000,0.014
25.005,0.015
25.010,0.019
25.015,0.015
25.020,0.011
25.025,0.005
25.030,-0.003
25.035,-0.002
25.040,-0.003
25.045,-0.006
25.050,-0.006
25.055,-0.009
25.060,-0.012
25.065,-0.013
25.070,-0.006
25.075,-0.005
25.080,-0.008
25.085,-0.007
25.090,-0.009
25.095,-0.014
25.100,-0.017
25.105,-0.017
25.110,-0.011
25.115,-0.011
25.120,-0.026
25.125,-0.041
25.130,-0.044
25.135,-0.044
25.140,-0.042
25.145,-0.033
25.150,-0.024
25.155,-0.016
25.160,-0.010
25.165,-0.013
25.170,-0.028
25.175,-0.034
25.180,-0.035
25.185,-0.048
25.190,-0.053
25.195,-0.044
25.200,-0.040
25.205,-0.040
25.210,-0.045
25.215,-0.044
25.220,-0.028
25.225,-0.023
25.230,-0.028
25.235,-0.024
25.240,-0.023
25.245,-0.038
25.250,-0.061
25.255,-0.079
25.260,-0.088
25.265,-0.093
25.270,-0.101
25.275,-0.112
25.280,-0.125
25.285,-0.127
25.290,-0.125
25.295,-0.141
25.300,-0.164
25.305,-0.175
25.310,-0.161
25.315,-0.147
25.320,-0.158
25.325,-0.151
25.330,-0.103
25.335,-0.042
25.340,0.000
25.345,0.015
25.350,0.031
25.355,0.054
25.360,0.065
25.365,0.075
25.370,0.093
25.375,0.110
25.380,0.115
25.385,0.109
25.390,0.099
25.395,0.085
25.400,0.071
25.405,0.068
25.410,0.074
25.415,0.074
25.420,0.045
25.425,-0.017
25.430,-0.143
25.435,-0.357
25.440,-0.608
25.445,-0.840
25.450,-0.921
25.455,-0.636
25.460,-0.026
25.465,0.454
25.470,0.630
25.475,0.816
25.480,1.035
25.485,1.029
25.490,0.702
25.495,0.288
25.500,0.100
25.505,0.075
25.510,0.016
25.515,-0.018
25.520,0.011
25.525,0.003
25.530,-0.025
25.535,-0.016
25.540,-0.015
25.545,-0.036
25.550,-0.038
25.555,-0.033
25.560,-0.044
25.565,-0.052
25.570,-0.053
25.575,-0.056
25.580,-0.058
25.585,-0.056
25.590,-0.057
25.595,-0.065
25.600,-0.067
25.605,-0.067
25.610,-0.076
25.615,-0.085
25.620,-0.088
25.625,-0.092
25.630,-0.093
25.635,-0.095
25.640,-0.103
25.645,-0.111
25.650,-0.118
25.655,-0.123
25.660,-0.131
25.665,-0.141
25.670,-0.145
25.675,-0.152
25.680,-0.167
25.685,-0.185
25.690,-0.200
25.695,-0.213
25.700,-0.222
25.705,-0.232
25.710,-0.245
25.715,-0.255
25.720,-0.258
25.725,-0.258
25.730,-0.252
25.735,-0.240
25.740,-0.226
25.745,-0.213
25.750,-0.192
25.755,-0.163
25.760,-0.122
25.765,-0.077
25.770,-0.031
25.775,0.018
25.780,0.061
25.785,0.100
25.790,0.133
25.795,0.157
25.800,0.184
25.805,0.209
25.810,0.223
25.815,0.233
25.820,0.239
25.825,0.244
25.830,0.248
25.835,0.245
25.840,0.240
25.845,0.235
25.850,0.229
25.855,0.220
25.860,0.208
25.865,0.196
25.870,0.185
25.875,0.173
25.880,0.160
25.885,0.154
25.890,0.154
25.895,0.153
25.900,0.146
25.905,0.135
25.910,0.125
25.915,0.119
25.920,0.113
25.925,0.104
25.930,0.090
25.935,0.072
25.940,0.064
25.945,0.067
25.950,0.066
25.955,0.060
25.960,0.056
25.965,0.054
25.970,0.050
25.975,0.046
25.980,0.046
25.985,0.045
25.990,0.041
25.995,0.038
26.000,0.036
26.005,0.038
26.010,0.035
26.015,0.031
26.020,0.030
26.025,0.027
26.030,0.023
26.035,0.021
26.040,0.020
26.045,0.018
26.050,0.015
26.055,0.013
26.060,0.010
26.065,0.005
26.070,0.002
26.075,0.002
26.080,0.005
26.085,0.005
26.090,0.000
26.095,-0.002
26.100,-0.006
26.105,-0.009
26.110,-0.010
26.115,-0.017
26.120,-0.019
26.125,-0.016
26.130,-0.015
26.135,-0.015
26.140,-0.025
26.145,-0.059
26.150,-0.088
26.155,-0.091
26.160,-0.090
26.165,-0.084
26.170,-0.082
26.175,-0.085
26.180,-0.080
26.185,-0.079
26.190,-0.075
26.195,-0.062
26.200,-0.056
26.205,-0.059
26.210,-0.060
26.215,-0.062
26.220,-0.064
26.225,-0.063
26.230,-0.057
26.235,-0.051
26.240,-0.049
26.245,-0.045
26.250,-0.044
26.255,-0.047
26.260,-0.047
26.265,-0.043
26.270,-0.038
26.275,-0.036
26.280,-0.034
26.285,-0.032
26.290,-0.028
26.295,-0.024
26.300,-0.022
26.305,-0.026
26.310,-0.035
26.315,-0.051
26.320,-0.069
26.325,-0.082
26.330,-0.093
26.335,-0.105
26.340,-0.114
26.345,-0.116
26.350,-0.119
26.355,-0.136
26.360,-0.155
26.365,-0.152
26.370,-0.127
26.375,-0.114
26.380,-0.131
26.385,-0.127
26.390,-0.081
26.395,-0.022
26.400,0.014
26.405,0.032
26.410,0.058
26.415,0.084
26.420,0.093
26.425,0.097
26.430,0.113
26.435,0.130
26.440,0.131
26.445,0.124
26.450,0.121
26.455,0.118
26.460,0.111
26.465,0.106
26.470,0.101
26.475,0.089
26.480,0.059
26.485,0.001
26.490,-0.132
26.495,-0.364
26.500,-0.630
26.505,-0.863
26.510,-0.903
26.515,-0.543
26.520,0.080
26.525,0.519
26.530,0.711
26.535,0.920
26.540,1.081
26.545,0.983
26.550,0.600
26.555,0.212
26.560,0.083
26.565,0.071
26.570,0.017
26.575,-0.002
26.580,0.019
26.585,0.003
26.590,-0.015
26.595,-0.002
26.600,-0.007
26.605,-0.024
26.610,-0.025
26.615,-0.025
26.620,-0.036
26.625,-0.038
26.630,-0.032
26.635,-0.036
26.640,-0.041
26.645,-0.042
26.650,-0.047
26.655,-0.057
26.660,-0.059
26.665,-0.062
26.670,-0.070
26.675,-0.075
26.680,-0.077
26.685,-0.082
26.690,-0.091
26.695,-0.095
26.700,-0.098
26.705,-0.104
26.710,-0.112
26.715,-0.125
26.720,-0.140
26.725,-0.148
26.730,-0.157
26.735,-0.169
26.740,-0.178
26.745,-0.191
26.750,-0.204
26.755,-0.211
26.760,-0.219
26.765,-0.228
26.770,-0.236
26.775,-0.245
26.780,-0.249
26.785,-0.248
26.790,-0.246
26.795,-0.237
26.800,-0.224
26.805,-0.207
26.810,-0.184
26.815,-0.155
26.820,-0.119
26.825,-0.079
26.830,-0.033
26.835,0.015
26.840,0.059
26.845,0.095
26.850,0.130
26.855,0.165
26.860,0.193
26.865,0.213
26.870,0.228
26.875,0.238
26.880,0.241
26.885,0.237
26.890,0.233
26.895,0.231
26.900,0.229
26.905,0.226
26.910,0.220
26.915,0.212
26.920,0.205
26.925,0.198
26.930,0.188
26.935,0.177
26.940,0.165
26.945,0.156
26.950,0.148
26.955,0.141
26.960,0.134
26.965,0.126
26.970,0.115
26.975,0.107
26.980,0.101
26.985,0.094
26.990,0.087
26.995,0.082
27.000,0.077
27.005,0.072
27.010,0.066
27.015,0.060
27.020,0.054
27.025,0.050
27.030,0.048
27.035,0.046
27.040,0.044
27.045,0.045
27.050,0.045
27.055,0.043
27.060,0.035
27.065,0.026
27.070,0.023
27.075,0.021
27.080,0.023
27.085,0.023
27.090,0.021
27.095,0.020
27.100,0.020
27.105,0.021
27.110,0.020
27.115,0.016
27.120,0.013
27.125,0.009
27.130,0.005
27.135,0.001
27.140,-0.002
27.145,-0.002
27.150,-0.002
27.155,-0.001
27.160,-0.002
27.165,-0.006
27.170,-0.009
27.175,-0.013
27.180,-0.015
27.185,-0.018
27.190,-0.020
27.195,-0.020
27.200,-0.021
27.205,-0.022
27.210,-0.023
27.215,-0.024
27.220,-0.026
27.225,-0.028
27.230,-0.030
27.235,-0.035
27.240,-0.037
27.245,-0.038
27.250,-0.037
27.255,-0.035
27.260,-0.036
27.265,-0.036
27.270,-0.034
27.275,-0.033
27.280,-0.033
27.285,-0.035
27.290,-0.039
27.295,-0.043
27.300,-0.046
27.305,-0.046
27.310,-0.044
27.315,-0.041
27.320,-0.040
27.325,-0.039
27.330,-0.037
27.335,-0.037
27.340,-0.038
27.345,-0.038
27.350,-0.038
27.355,-0.037
27.360,-0.039
27.365,-0.041
27.370,-0.041
27.375,-0.042
27.380,-0.040
27.385,-0.039
27.390,-0.047
27.395,-0.065
27.400,-0.083
27.405,-0.098
27.410,-0.111
27.415,-0.125
27.420,-0.130
27.425,-0.125
27.430,-0.129
27.435,-0.156
27.440,-0.183
27.445,-0.179
27.450,-0.154
27.455,-0.145
27.460,-0.158
27.465,-0.144
27.470,-0.090
27.475,-0.031
27.480,0.001
27.485,0.020
27.490,0.048
27.495,0.071
27.500,0.080
27.505,0.089
27.510,0.105
27.515,0.115
27.520,0.114
27.525,0.109
27.530,0.104
27.535,0.096
27.540,0.090
27.545,0.089
27.550,0.085
27.555,0.070
27.560,0.034
27.565,-0.039
27.570,-0.194
27.575,-0.440
27.580,-0.697
27.585,-0.889
27.590,-0.843
27.595,-0.400
27.600,0.185
27.605,0.524
27.610,0.697
27.615,0.928
27.620,1.066
27.625,0.902
27.630,0.488
27.635,0.149
27.640,0.074
27.645,0.062
27.650,0.008
27.655,0.004
27.660,0.015
27.665,-0.015
27.670,-0.030
27.675,-0.017
27.680,-0.023
27.685,-0.036
27.690,-0.034
27.695,-0.033
27.700,-0.040
27.705,-0.038
27.710,-0.035
27.715,-0.042
27.720,-0.045
27.725,-0.045
27.730,-0.050
27.735,-0.061
27.740,-0.071
27.745,-0.077
27.750,-0.080
27.755,-0.081
27.760,-0.086
27.765,-0.097
27.770,-0.100
27.775,-0.097
27.780,-0.099
27.785,-0.111
27.790,-0.123
27.795,-0.129
27.800,-0.131
27.805,-0.134
27.810,-0.147
27.815,-0.162
27.820,-0.173
27.825,-0.186
27.830,-0.200
27.835,-0.212
27.840,-0.224
27.845,-0.233
27.850,-0.237
27.855,-0.239
27.860,-0.240
27.865,-0.239
27.870,-0.236
27.875,-0.231
27.880,-0.221
27.885,-0.208
27.890,-0.191
27.895,-0.160
27.900,-0.119
27.905,-0.072
27.910,-0.026
27.915,0.015
27.920,0.055
27.925,0.096
27.930,0.134
27.935,0.165
27.940,0.190
27.945,0.205
27.950,0.208
27.955,0.215
27.960,0.228
27.965,0.238
27.970,0.243
27.975,0.238
27.980,0.226
27.985,0.221
27.990,0.217
27.995,0.212
28.000,0.202
28.005,0.188
28.010,0.173
28.015,0.164
28.020,0.165
28.025,0.164
28.030,0.157
28.035,0.144
28.040,0.131
28.045,0.123
28.050,0.119
28.055,0.115
28.060,0.109
28.065,0.100
28.070,0.090
28.075,0.082
28.080,0.075
28.085,0.067
28.090,0.062
28.095,0.065
28.100,0.069
28.105,0.062
28.110,0.051
28.115,0.047
28.120,0.050
28.125,0.052
28.130,0.046
28.135,0.039
28.140,0.037
28.145,0.037
28.150,0.042
28.155,0.047
28.160,0.043
28.165,0.034
28.170,0.026
28.175,0.024
28.180,0.023
28.185,0.016
28.190,0.012
28.195,0.018
28.200,0.024
28.205,0.024
28.210,0.018
28.215,0.009
28.220,0.006
28.225,0.008
28.230,0.008
28.235,0.004
28.240,-0.007
28.245,-0.019
28.250,-0.022
28.255,-0.020
28.260,-0.019
28.265,-0.015
28.270,-0.015
28.275,-0.015
28.280,-0.011
28.285,-0.008
28.290,-0.012
28.295,-0.017
28.300,-0.019
28.305,-0.021
28.310,-0.025
28.315,-0.035
28.320,-0.043
28.325,-0.039
28.330,-0.039
28.335,-0.042
28.340,-0.034
28.345,-0.032
28.350,-0.037
28.355,-0.036
28.360,-0.033
28.365,-0.030
28.370,-0.026
28.375,-0.028
28.380,-0.031
28.385,-0.031
28.390,-0.034
28.395,-0.035
28.400,-0.036
28.405,-0.041
28.410,-0.043
28.415,-0.043
28.420,-0.043
28.425,-0.043
28.430,-0.037
28.435,-0.041
28.440,-0.064
28.445,-0.088
28.450,-0.100
28.455,-0.109
28.460,-0.122
28.465,-0.133
28.470,-0.130
28.475,-0.131
28.480,-0.153
28.485,-0.179
28.490,-0.183
28.495,-0.163
28.500,-0.159
28.505,-0.170
28.510,-0.149
28.515,-0.090
28.520,-0.030
28.525,0.006
28.530,0.031
28.535,0.059
28.540,0.074
28.545,0.077
28.550,0.086
28.555,0.110
28.560,0.128
28.565,0.123
28.570,0.111
28.575,0.103
28.580,0.090
28.585,0.075
28.590,0.065
28.595,0.062
28.600,0.060
28.605,0.029
28.610,-0.047
28.615,-0.190
28.620,-0.399
28.625,-0.600
28.630,-0.744
28.635,-0.705
28.640,-0.346
28.645,0.164
28.650,0.447
28.655,0.540
28.660,0.772
28.665,1.011
28.670,0.934
28.675,0.559
28.680,0.197
28.685,0.080
28.690,0.068
28.695,-0.002
28.700,-0.025
28.705,0.014
28.710,-0.004
28.715,-0.035
28.720,-0.018
28.725,-0.015
28.730,-0.043
28.735,-0.049
28.740,-0.043
28.745,-0.055
28.750,-0.058
28.755,-0.054
28.760,-0.069
28.765,-0.076
28.770,-0.064
28.775,-0.060
28.780,-0.063
28.785,-0.067
28.790,-0.073
28.795,-0.077
28.800,-0.082
28.805,-0.095
28.810,-0.103
28.815,-0.108
28.820,-0.115
28.825,-0.114
28.830,-0.110
28.835,-0.111
28.840,-0.117
28.845,-0.129
28.850,-0.142
28.855,-0.153
28.860,-0.163
28.865,-0.178
28.870,-0.194
28.875,-0.206
28.880,-0.215
28.885,-0.216
28.890,-0.217
28.895,-0.224
28.900,-0.229
28.905,-0.232
28.910,-0.238
28.915,-0.238
28.920,-0.225
28.925,-0.209
28.930,-0.196
28.935,-0.180
28.940,-0.152
28.945,-0.119
28.950,-0.090
28.955,-0.054
28.960,-0.007
28.965,0.041
28.970,0.081
28.975,0.118
28.980,0.155
28.985,0.182
28.990,0.193
28.995,0.205
29.000,0.218
29.005,0.223
29.010,0.224
29.015,0.226
29.020,0.223
29.025,0.218
29.030,0.212
29.035,0.206
29.040,0.198
29.045,0.183
29.050,0.174
29.055,0.174
29.060,0.168
29.065,0.150
29.070,0.138
29.075,0.140
29.080,0.137
29.085,0.123
29.090,0.110
29.095,0.111
29.100,0.117
29.105,0.114
29.110,0.101
29.115,0.088
29.120,0.084
29.125,0.078
29.130,0.076
29.135,0.080
29.140,0.074
29.145,0.067
29.150,0.063
29.155,0.056
29.160,0.048
29.165,0.043
29.170,0.046
29.175,0.050
29.180,0.049
29.185,0.045
29.190,0.041
29.195,0.040
29.200,0.049
29.205,0.052
29.210,0.038
29.215,0.026
29.220,0.025
29.225,0.032
29.230,0.038
29.235,0.036
29.240,0.035
29.245,0.029
29.250,0.008
29.255,-0.008
29.260,0.002
29.265,0.014
29.270,0.011
29.275,0.009
29.280,0.013
29.285,0.016
29.290,0.002
29.295,-0.020
29.300,-0.026
29.305,-0.020
29.310,-0.012
29.315,-0.010
29.320,-0.015
29.325,-0.020
29.330,-0.022
29.335,-0.019
29.340,-0.014
29.345,-0.019
29.350,-0.026
29.355,-0.026
29.360,-0.025
29.365,-0.024
29.370,-0.025
29.375,-0.026
29.380,-0.024
29.385,-0.025
29.390,-0.030
29.395,-0.033
29.400,-0.036
29.405,-0.039
29.410,-0.033
29.415,-0.039
29.420,-0.050
29.425,-0.045
29.430,-0.040
29.435,-0.040
29.440,-0.043
29.445,-0.039
29.450,-0.020
29.455,-0.012
29.460,-0.024
29.465,-0.036
29.470,-0.056
29.475,-0.081
29.480,-0.096
29.485,-0.100
29.490,-0.105
29.495,-0.118
29.500,-0.130
29.505,-0.129
29.510,-0.131
29.515,-0.155
29.520,-0.177
29.525,-0.170
29.530,-0.155
29.535,-0.166
29.540,-0.181
29.545,-0.158
29.550,-0.101
29.555,-0.038
29.560,0.000
29.565,0.026
29.570,0.062
29.575,0.080
29.580,0.076
29.585,0.086
29.590,0.104
29.595,0.111
29.600,0.109
29.605,0.104
29.610,0.092
29.615,0.078
29.620,0.072
29.625,0.069
29.630,0.070
29.635,0.069
29.640,0.043
29.645,-0.026
29.650,-0.179
29.655,-0.405
29.660,-0.611
29.665,-0.763
29.670,-0.756
29.675,-0.422
29.680,0.128
29.685,0.479
29.690,0.580
29.695,0.780
29.700,1.020
29.705,0.975
29.710,0.611
29.715,0.233
29.720,0.092
29.725,0.062
29.730,-0.006
29.735,-0.037
29.740,-0.006
29.745,-0.016
29.750,-0.045
29.755,-0.018
29.760,-0.002
29.765,-0.033
29.770,-0.040
29.775,-0.036
29.780,-0.057
29.785,-0.074
29.790,-0.076
29.795,-0.081
29.800,-0.078
29.805,-0.061
29.810,-0.057
29.815,-0.076
29.820,-0.088
29.825,-0.079
29.830,-0.074
29.835,-0.081
29.840,-0.086
29.845,-0.089
29.850,-0.093
29.855,-0.100
29.860,-0.112
29.865,-0.124
29.870,-0.135
29.875,-0.146
29.880,-0.148
29.885,-0.142
29.890,-0.139
29.895,-0.147
29.900,-0.170
29.905,-0.185
29.910,-0.185
29.915,-0.195
29.920,-0.218
29.925,-0.239
29.930,-0.249
29.935,-0.248
29.940,-0.244
29.945,-0.243
29.950,-0.240
29.955,-0.235
29.960,-0.231
29.965,-0.217
29.970,-0.188
29.975,-0.148
29.980,-0.104
29.985,-0.067
29.990,-0.035
29.995,0.000
30.000,0.043
30.005,0.091
30.010,0.129
30.015,0.161
30.020,0.184
30.025,0.188
30.030,0.195
30.035,0.215
30.040,0.232
30.045,0.237
30.050,0.239
30.055,0.240
30.060,0.234
30.065,0.224
30.070,0.213
30.075,0.203
30.080,0.193
30.085,0.183
30.090,0.173
30.095,0.167
30.100,0.165
30.105,0.160
30.110,0.152
30.115,0.138
30.120,0.126
30.125,0.128
30.130,0.124
30.135,0.106
30.140,0.098
30.145,0.097
30.150,0.090
30.155,0.081
30.160,0.081
30.165,0.082
30.170,0.069
30.175,0.055
30.180,0.057
30.185,0.058
30.190,0.050
30.195,0.044
30.200,0.048
30.205,0.052
30.210,0.050
30.215,0.042
30.220,0.037
30.225,0.039
30.230,0.041
30.235,0.037
30.240,0.034
30.245,0.039
30.250,0.040
30.255,0.027
30.260,0.014
30.265,0.017
30.270,0.021
30.275,0.014
30.280,0.008
30.285,0.013
30.290,0.020
30.295,0.015
30.300,0.006
30.305,0.009
30.310,0.007
30.315,0.000
30.320,-0.003
30.325,-0.006
30.330,-0.011
30.335,-0.021
30.340,-0.031
30.345,-0.022
30.350,-0.004
30.355,-0.001
30.360,-0.012
30.365,-0.026
30.370,-0.018
30.375,-0.011
30.380,-0.024
30.385,-0.033
30.390,-0.027
30.395,-0.019
30.400,-0.026
30.405,-0.032
30.410,-0.035
30.415,-0.039
30.420,-0.031
30.425,-0.022
30.430,-0.023
30.435,-0.029
30.440,-0.033
30.445,-0.030
30.450,-0.037
30.455,-0.051
30.460,-0.052
30.465,-0.044
30.470,-0.028
30.475,-0.018
30.480,-0.021
30.485,-0.025
30.490,-0.039
30.495,-0.060
30.500,-0.080
30.505,-0.108
30.510,-0.123
30.515,-0.118
30.520,-0.118
30.525,-0.119
30.530,-0.116
30.535,-0.123
30.540,-0.138
30.545,-0.154
30.550,-0.166
30.555,-0.169
30.560,-0.184
30.565,-0.176
30.570,-0.121
30.575,-0.067
30.580,-0.029
30.585,0.001
30.590,0.027
30.595,0.063
30.600,0.090
30.605,0.102
30.610,0.108
30.615,0.109
30.620,0.100
30.625,0.090
30.630,0.092
30.635,0.090
30.640,0.082
30.645,0.075
30.650,0.071
30.655,0.075
30.660,0.065
30.665,0.020
30.670,-0.076
30.675,-0.253
30.680,-0.490
30.685,-0.728
30.690,-0.893
30.695,-0.790
30.700,-0.286
30.705,0.298
30.710,0.566
30.715,0.687
30.720,0.923
30.725,1.073
30.730,0.882
30.735,0.452
30.740,0.139
30.745,0.076
30.750,0.054
30.755,-0.004
30.760,-0.002
30.765,0.010
30.770,-0.031
30.775,-0.040
30.780,-0.014
30.785,-0.030
30.790,-0.054
30.795,-0.051
30.800,-0.052
30.805,-0.061
30.810,-0.059
30.815,-0.050
30.820,-0.051
30.825,-0.057
30.830,-0.065
30.835,-0.077
30.840,-0.086
30.845,-0.085
30.850,-0.085
30.855,-0.093
30.860,-0.092
30.865,-0.089
30.870,-0.096
30.875,-0.105
30.880,-0.110
30.885,-0.113
30.890,-0.118
30.895,-0.124
30.900,-0.133
30.905,-0.140
30.910,-0.147
30.915,-0.160
30.920,-0.175
30.925,-0.188
30.930,-0.196
30.935,-0.200
30.940,-0.211
30.945,-0.223
30.950,-0.232
30.955,-0.235
30.960,-0.232
30.965,-0.240
30.970,-0.254
30.975,-0.257
30.980,-0.254
30.985,-0.239
30.990,-0.213
30.995,-0.178
31.000,-0.137
31.005,-0.098
31.010,-0.054
31.015,-0.006
31.020,0.039
31.025,0.078
31.030,0.114
31.035,0.146
31.040,0.174
31.045,0.198
31.050,0.219
31.055,0.236
31.060,0.245
31.065,0.245
31.070,0.245
31.075,0.246
31.080,0.244
31.085,0.236
31.090,0.223
31.095,0.212
31.100,0.207
31.105,0.203
31.110,0.198
31.115,0.190
31.120,0.181
31.125,0.172
31.130,0.161
31.135,0.151
31.140,0.140
31.145,0.129
31.150,0.123
31.155,0.117
31.160,0.107
31.165,0.101
31.170,0.098
31.175,0.091
31.180,0.078
31.185,0.064
31.190,0.060
31.195,0.064
31.200,0.065
31.205,0.061
31.210,0.054
31.215,0.049
31.220,0.049
31.225,0.051
31.230,0.049
31.235,0.048
31.240,0.046
31.245,0.043
31.250,0.041
31.255,0.036
31.260,0.028
31.265,0.020
31.270,0.015
31.275,0.018
31.280,0.026
31.285,0.034
31.290,0.033
31.295,0.026
31.300,0.017
31.305,0.009
31.310,0.007
31.315,0.011
31.320,0.017
31.325,0.018
31.330,0.014
31.335,0.001
31.340,-0.015
31.345,-0.023
31.350,-0.025
31.355,-0.017
31.360,-0.004
31.365,-0.003
31.370,-0.011
31.375,-0.019
31.380,-0.021
31.385,-0.018
31.390,-0.017
31.395,-0.022
31.400,-0.027
31.405,-0.029
31.410,-0.028
31.415,-0.024
31.420,-0.015
31.425,-0.017
31.430,-0.028
31.435,-0.030
31.440,-0.028
31.445,-0.028
31.450,-0.032
31.455,-0.040
31.460,-0.044
31.465,-0.048
31.470,-0.052
31.475,-0.046
31.480,-0.038
31.485,-0.030
31.490,-0.030
31.495,-0.033
31.500,-0.033
31.505,-0.029
31.510,-0.029
31.515,-0.035
31.520,-0.041
31.525,-0.041
31.530,-0.034
31.535,-0.033
31.540,-0.046
31.545,-0.059
31.550,-0.056
31.555,-0.052
31.560,-0.061
31.565,-0.077
31.570,-0.087
31.575,-0.093
31.580,-0.104
31.585,-0.119
31.590,-0.125
31.595,-0.124
31.600,-0.141
31.605,-0.169
31.610,-0.179
31.615,-0.168
31.620,-0.160
31.625,-0.168
31.630,-0.157
31.635,-0.105
31.640,-0.041
31.645,-0.003
31.650,0.017
31.655,0.042
31.660,0.067
31.665,0.070
31.670,0.061
31.675,0.080
31.680,0.111
31.685,0.118
31.690,0.113
31.695,0.109
31.700,0.102
31.705,0.086
31.710,0.068
31.715,0.063
31.720,0.058
31.725,0.040
31.730,0.009
31.735,-0.083
31.740,-0.278
31.745,-0.538
31.750,-0.792
31.755,-0.927
31.760,-0.731
31.765,-0.162
31.770,0.366
31.775,0.604
31.780,0.803
31.785,1.025
31.790,1.055
31.795,0.762
31.800,0.330
31.805,0.103
31.810,0.077
31.815,0.030
31.820,-0.014
31.825,0.003
31.830,-0.007
31.835,-0.030
31.840,-0.021
31.845,-0.018
31.850,-0.021
31.855,-0.019
31.860,-0.030
31.865,-0.056
31.870,-0.072
31.875,-0.062
31.880,-0.055
31.885,-0.063
31.890,-0.066
31.895,-0.063
31.900,-0.070
31.905,-0.075
31.910,-0.075
31.915,-0.084
31.920,-0.085
31.925,-0.074
31.930,-0.070
31.935,-0.080
31.940,-0.099
31.945,-0.117
31.950,-0.128
31.955,-0.127
31.960,-0.126
31.965,-0.138
31.970,-0.152
31.975,-0.159
31.980,-0.166
31.985,-0.177
31.990,-0.188
31.995,-0.194
32.000,-0.204
32.005,-0.215
32.010,-0.227
32.015,-0.240
32.020,-0.253
32.025,-0.266
32.030,-0.267
32.035,-0.261
32.040,-0.252
32.045,-0.238
32.050,-0.217
32.055,-0.193
32.060,-0.168
32.065,-0.133
32.070,-0.096
32.075,-0.061
32.080,-0.013
32.085,0.041
32.090,0.092
32.095,0.139
32.100,0.172
32.105,0.188
32.110,0.201
32.115,0.219
32.120,0.240
32.125,0.255
32.130,0.247
32.135,0.231
32.140,0.225
32.145,0.232
32.150,0.239
32.155,0.230
32.160,0.217
32.165,0.211
32.170,0.212
32.175,0.211
32.180,0.197
32.185,0.182
32.190,0.173
32.195,0.159
32.200,0.138
32.205,0.127
32.210,0.133
32.215,0.128
32.220,0.116
32.225,0.114
32.230,0.114
32.235,0.114
32.240,0.092
32.245,0.072
32.250,0.079
32.255,0.098
32.260,0.093
32.265,0.051
32.270,0.041
32.275,0.059
32.280,0.052
32.285,0.041
32.290,0.041
32.295,0.058
32.300,0.075
32.305,0.061
32.310,0.049
32.315,0.040
32.320,0.028
32.325,0.039
32.330,0.042
32.335,0.034
32.340,0.033
32.345,0.038
32.350,0.049
32.355,0.030
32.360,0.004
32.365,-0.003
32.370,0.006
32.375,0.023
32.380,0.013
32.385,0.009
32.390,0.018
32.395,0.020
32.400,0.022
32.405,0.009
32.410,-0.012
32.415,-0.023
32.420,-0.030
32.425,-0.024
32.430,-0.015
32.435,-0.008
32.440,-0.004
32.445,-0.009
32.450,-0.017
32.455,-0.045
32.460,-0.060
32.465,-0.027
32.470,-0.015
32.475,-0.022
32.480,-0.022
32.485,-0.037
32.490,-0.043
32.495,-0.034
32.500,-0.033
32.505,-0.031
32.510,-0.037
32.515,-0.051
32.520,-0.034
32.525,-0.020
32.530,-0.037
32.535,-0.056
32.540,-0.065
32.545,-0.045
32.550,-0.031
32.555,-0.043
32.560,-0.048
32.565,-0.051
32.570,-0.046
32.575,-0.043
32.580,-0.051
32.585,-0.047
32.590,-0.043
32.595,-0.047
32.600,-0.050
32.605,-0.054
32.610,-0.057
32.615,-0.058
32.620,-0.067
32.625,-0.082
32.630,-0.095
32.635,-0.103
32.640,-0.111
32.645,-0.119
32.650,-0.118
32.655,-0.123
32.660,-0.147
32.665,-0.171
32.670,-0.179
32.675,-0.166
32.680,-0.157
32.685,-0.162
32.690,-0.139
32.695,-0.077
32.700,-0.024
32.705,-0.007
32.710,-0.001
32.715,0.029
32.720,0.066
32.725,0.081
32.730,0.083
32.735,0.099
32.740,0.122
32.745,0.125
32.750,0.114
32.755,0.098
32.760,0.078
32.765,0.078
32.770,0.090
32.775,0.089
32.780,0.075
32.785,0.040
32.790,-0.016
32.795,-0.126
32.800,-0.339
32.805,-0.600
32.810,-0.834
32.815,-0.930
32.820,-0.676
32.825,-0.067
32.830,0.446
32.835,0.607
32.840,0.746
32.845,0.996
32.850,1.067
32.855,0.787
32.860,0.363
32.865,0.127
32.870,0.080
32.875,0.023
32.880,-0.027
32.885,0.002
32.890,0.003
32.895,-0.041
32.900,-0.034
32.905,-0.015
32.910,-0.035
32.915,-0.042
32.920,-0.030
32.925,-0.035
32.930,-0.049
32.935,-0.048
32.940,-0.038
32.945,-0.046
32.950,-0.055
32.955,-0.059
32.960,-0.071
32.965,-0.077
32.970,-0.081
32.975,-0.089
32.980,-0.088
32.985,-0.086
32.990,-0.093
32.995,-0.101
33.000,-0.104
33.005,-0.104
33.010,-0.108
33.015,-0.113
33.020,-0.121
33.025,-0.134
33.030,-0.153
33.035,-0.165
33.040,-0.173
33.045,-0.183
33.050,-0.190
33.055,-0.202
33.060,-0.215
33.065,-0.225
33.070,-0.234
33.075,-0.242
33.080,-0.249
33.085,-0.257
33.090,-0.263
33.095,-0.260
33.100,-0.253
33.105,-0.241
33.110,-0.222
33.115,-0.200
33.120,-0.171
33.125,-0.132
33.130,-0.092
33.135,-0.049
33.140,-0.004
33.145,0.039
33.150,0.088
33.155,0.136
33.160,0.169
33.165,0.198
33.170,0.220
33.175,0.238
33.180,0.253
33.185,0.261
33.190,0.268
33.195,0.272
33.200,0.261
33.205,0.247
33.210,0.237
33.215,0.227
33.220,0.220
33.225,0.214
33.230,0.205
33.235,0.198
33.240,0.185
33.245,0.176
33.250,0.176
33.255,0.172
33.260,0.159
33.265,0.149
33.270,0.147
33.275,0.142
33.280,0.131
33.285,0.117
33.290,0.105
33.295,0.101
33.300,0.093
33.305,0.079
33.310,0.072
33.315,0.067
33.320,0.065
33.325,0.060
33.330,0.047
33.335,0.036
33.340,0.036
33.345,0.047
33.350,0.055
33.355,0.056
33.360,0.059
33.365,0.060
33.370,0.057
33.375,0.050
33.380,0.032
33.385,0.023
33.390,0.028
33.395,0.034
33.400,0.035
33.405,0.029
33.410,0.024
33.415,0.023
33.420,0.020
33.425,0.013
33.430,0.008
33.435,0.012
33.440,0.015
33.445,0.014
33.450,0.013
33.455,0.005
33.460,-0.001
33.465,-0.001
33.470,-0.001
33.475,-0.005
33.480,-0.009
33.485,-0.008
33.490,-0.007
33.495,-0.012
33.500,-0.019
33.505,-0.026
33.510,-0.028
33.515,-0.023
33.520,-0.018
33.525,-0.018
33.530,-0.018
33.535,-0.019
33.540,-0.025
33.545,-0.032
33.550,-0.034
33.555,-0.031
33.560,-0.028
33.565,-0.031
33.570,-0.031
33.575,-0.028
33.580,-0.034
33.585,-0.041
33.590,-0.041
33.595,-0.039
33.600,-0.039
33.605,-0.040
33.610,-0.040
33.615,-0.034
33.620,-0.032
33.625,-0.036
33.630,-0.036
33.635,-0.036
33.640,-0.037
33.645,-0.036
33.650,-0.042
33.655,-0.056
33.660,-0.070
33.665,-0.082
33.670,-0.090
33.675,-0.099
33.680,-0.113
33.685,-0.126
33.690,-0.133
33.695,-0.131
33.700,-0.142
33.705,-0.171
33.710,-0.188
33.715,-0.174
33.720,-0.154
33.725,-0.164
33.730,-0.170
33.735,-0.136
33.740,-0.078
33.745,-0.031
33.750,-0.008
33.755,0.021
33.760,0.060
33.765,0.080
33.770,0.085
33.775,0.093
33.780,0.104
33.785,0.110
33.790,0.109
33.795,0.101
33.800,0.092
33.805,0.085
33.810,0.079
33.815,0.073
33.820,0.070
33.825,0.057
33.830,0.019
33.835,-0.076
33.840,-0.274
33.845,-0.543
33.850,-0.806
33.855,-0.966
33.860,-0.814
33.865,-0.258
33.870,0.317
33.875,0.584
33.880,0.770
33.885,1.017
33.890,1.095
33.895,0.830
33.900,0.378
33.905,0.107
33.910,0.076
33.915,0.043
33.920,-0.016
33.925,-0.005
33.930,0.004
33.935,-0.027
33.940,-0.030
33.945,-0.014
33.950,-0.026
33.955,-0.037
33.960,-0.034
33.965,-0.039
33.970,-0.045
33.975,-0.039
33.980,-0.041
33.985,-0.054
33.990,-0.057
33.995,-0.057
34.000,-0.067
34.005,-0.078
34.010,-0.081
34.015,-0.085
34.020,-0.090
34.025,-0.091
34.030,-0.091
34.035,-0.090
34.040,-0.091
34.045,-0.096
34.050,-0.106
34.055,-0.120
34.060,-0.134
34.065,-0.145
34.070,-0.152
34.075,-0.156
34.080,-0.166
34.085,-0.181
34.090,-0.195
34.095,-0.205
34.100,-0.214
34.105,-0.224
34.110,-0.233
34.115,-0.241
34.120,-0.249
34.125,-0.257
34.130,-0.261
34.135,-0.258
34.140,-0.251
34.145,-0.243
34.150,-0.229
34.155,-0.207
34.160,-0.177
34.165,-0.144
34.170,-0.104
34.175,-0.060
34.180,-0.014
34.185,0.033
34.190,0.081
34.195,0.126
34.200,0.163
34.205,0.187
34.210,0.208
34.215,0.226
34.220,0.237
34.225,0.243
34.230,0.243
34.235,0.245
34.240,0.249
34.245,0.249
34.250,0.243
34.255,0.235
34.260,0.226
34.265,0.217
34.270,0.206
34.275,0.197
34.280,0.190
34.285,0.183
34.290,0.174
34.295,0.166
34.300,0.160
34.305,0.153
34.310,0.144
34.315,0.134
34.320,0.125
34.325,0.116
34.330,0.107
34.335,0.099
34.340,0.093
34.345,0.085
34.350,0.079
34.355,0.074
34.360,0.070
34.365,0.069
34.370,0.069
34.375,0.066
34.380,0.061
34.385,0.053
34.390,0.046
34.395,0.042
34.400,0.039
34.405,0.042
34.410,0.044
34.415,0.042
34.420,0.039
34.425,0.036
34.430,0.035
34.435,0.034
34.440,0.030
34.445,0.025
34.450,0.023
34.455,0.021
34.460,0.021
34.465,0.019
34.470,0.015
34.475,0.010
34.480,0.006
34.485,0.005
34.490,0.006
34.495,0.006
34.500,0.003
34.505,0.000
34.510,-0.004
34.515,-0.006
34.520,-0.008
34.525,-0.010
34.530,-0.014
34.535,-0.016
34.540,-0.016
34.545,-0.015
34.550,-0.013
34.555,-0.016
34.560,-0.023
34.565,-0.031
34.570,-0.035
34.575,-0.034
34.580,-0.028
34.585,-0.027
34.590,-0.030
34.595,-0.033
34.600,-0.037
34.605,-0.037
34.610,-0.036
34.615,-0.035
34.620,-0.032
34.625,-0.031
34.630,-0.034
34.635,-0.037
34.640,-0.038
34.645,-0.036
34.650,-0.035
34.655,-0.038
34.660,-0.041
34.665,-0.041
34.670,-0.042
34.675,-0.043
34.680,-0.044
34.685,-0.045
34.690,-0.044
34.695,-0.041
34.700,-0.036
34.705,-0.034
34.710,-0.040
34.715,-0.060
34.720,-0.084
34.725,-0.099
34.730,-0.109
34.735,-0.117
34.740,-0.125
34.745,-0.129
34.750,-0.124
34.755,-0.135
34.760,-0.167
34.765,-0.187
34.770,-0.173
34.775,-0.147
34.780,-0.151
34.785,-0.164
34.790,-0.134
34.795,-0.070
34.800,-0.020
34.805,-0.002
34.810,0.018
34.815,0.053
34.820,0.073
34.825,0.079
34.830,0.091
34.835,0.107
34.840,0.114
34.845,0.107
34.850,0.104
34.855,0.106
34.860,0.101
34.865,0.091
34.870,0.083
34.875,0.075
34.880,0.054
34.885,0.010
34.890,-0.084
34.895,-0.276
34.900,-0.537
34.905,-0.795
34.910,-0.943
34.915,-0.777
34.920,-0.232
34.925,0.312
34.930,0.575
34.935,0.783
34.940,1.016
34.945,1.057
34.950,0.774
34.955,0.337
34.960,0.095
34.965,0.073
34.970,0.040
34.975,-0.002
34.980,0.017
34.985,0.016
34.990,-0.017
34.995,-0.020
35.000,-0.012
35.005,-0.027
35.010,-0.036
35.015,-0.029
35.020,-0.032
35.025,-0.039
35.030,-0.039
35.035,-0.040
35.040,-0.046
35.045,-0.050
35.050,-0.053
35.055,-0.063
35.060,-0.066
35.065,-0.065
35.070,-0.072
35.075,-0.079
35.080,-0.082
35.085,-0.086
35.090,-0.094
35.095,-0.103
35.100,-0.109
35.105,-0.114
35.110,-0.118
35.115,-0.123
35.120,-0.132
35.125,-0.141
35.130,-0.149
35.135,-0.160
35.140,-0.171
35.145,-0.182
35.150,-0.195
35.155,-0.208
35.160,-0.220
35.165,-0.233
35.170,-0.244
35.175,-0.251
35.180,-0.253
35.185,-0.250
35.190,-0.245
35.195,-0.242
35.200,-0.237
35.205,-0.228
35.210,-0.211
35.215,-0.184
35.220,-0.151
35.225,-0.108
35.230,-0.063
35.235,-0.015
35.240,0.034
35.245,0.078
35.250,0.118
35.255,0.152
35.260,0.181
35.265,0.205
35.270,0.223
35.275,0.234
35.280,0.240
35.285,0.245
35.290,0.248
35.295,0.249
35.300,0.247
35.305,0.238
35.310,0.228
35.315,0.217
35.320,0.207
35.325,0.200
35.330,0.192
35.335,0.185
35.340,0.179
35.345,0.174
35.350,0.168
35.355,0.160
35.360,0.150
35.365,0.137
35.370,0.124
35.375,0.114
35.380,0.105
35.385,0.102
35.390,0.101
35.395,0.096
35.400,0.089
35.405,0.081
35.410,0.075
35.415,0.070
35.420,0.066
35.425,0.064
35.430,0.061
35.435,0.055
35.440,0.050
35.445,0.048
35.450,0.048
35.455,0.046
35.460,0.044
35.465,0.042
35.470,0.039
35.475,0.036
35.480,0.033
35.485,0.031
35.490,0.031
35.495,0.030
35.500,0.028
35.505,0.023
35.510,0.016
35.515,0.014
35.520,0.018
35.525,0.020
35.530,0.018
35.535,0.014
35.540,0.006
35.545,-0.003
35.550,-0.008
35.555,-0.008
35.560,-0.002
35.565,0.001
35.570,-0.002
35.575,-0.007
35.580,-0.012
35.585,-0.016
35.590,-0.019
35.595,-0.019
35.600,-0.021
35.605,-0.024
35.610,-0.025
35.615,-0.024
35.620,-0.023
35.625,-0.023
35.630,-0.027
35.635,-0.029
35.640,-0.029
35.645,-0.031
35.650,-0.033
35.655,-0.035
35.660,-0.035
35.665,-0.032
35.670,-0.031
35.675,-0.033
35.680,-0.034
35.685,-0.035
35.690,-0.039
35.695,-0.043
35.700,-0.044
35.705,-0.042
35.710,-0.042
35.715,-0.041
35.720,-0.039
35.725,-0.040
35.730,-0.040
35.735,-0.040
35.740,-0.038
35.745,-0.036
35.750,-0.037
35.755,-0.038
35.760,-0.038
35.765,-0.039
35.770,-0.036
35.775,-0.031
35.780,-0.035
35.785,-0.040
35.790,-0.046
35.795,-0.054
35.800,-0.066
35.805,-0.078
35.810,-0.083
35.815,-0.088
35.820,-0.104
35.825,-0.120
35.830,-0.126
35.835,-0.125
35.840,-0.140
35.845,-0.169
35.850,-0.181
35.855,-0.166
35.860,-0.147
35.865,-0.158
35.870,-0.164
35.875,-0.121
35.880,-0.052
35.885,-0.003
35.890,0.016
35.895,0.039
35.900,0.067
35.905,0.079
35.910,0.082
35.915,0.098
35.920,0.120
35.925,0.125
35.930,0.115
35.935,0.109
35.940,0.104
35.945,0.094
35.950,0.082
35.955,0.078
35.960,0.076
35.965,0.055
35.970,0.004
35.975,-0.110
35.980,-0.312
35.985,-0.550
35.990,-0.759
35.995,-0.833
36.000,-0.595
36.005,-0.062
36.010,0.379
36.015,0.562
36.020,0.774
36.025,1.020
36.030,1.019
36.035,0.687
36.040,0.268
36.045,0.082
36.050,0.078
36.055,0.031
36.060,-0.015
36.065,0.008
36.070,0.009
36.075,-0.019
36.080,-0.014
36.085,-0.009
36.090,-0.030
36.095,-0.033
36.100,-0.024
36.105,-0.033
36.110,-0.040
36.115,-0.035
36.120,-0.038
36.125,-0.045
36.130,-0.047
36.135,-0.054
36.140,-0.068
36.145,-0.073
36.150,-0.069
36.155,-0.071
36.160,-0.078
36.165,-0.079
36.170,-0.083
36.175,-0.088
36.180,-0.087
36.185,-0.090
36.190,-0.099
36.195,-0.113
36.200,-0.126
36.205,-0.133
36.210,-0.143
36.215,-0.153
36.220,-0.161
36.225,-0.169
36.230,-0.178
36.235,-0.190
36.240,-0.199
36.245,-0.207
36.250,-0.218
36.255,-0.227
36.260,-0.233
36.265,-0.242
36.270,-0.247
36.275,-0.244
36.280,-0.240
36.285,-0.233
36.290,-0.222
36.295,-0.199
36.300,-0.163
36.305,-0.126
36.310,-0.092
36.315,-0.056
36.320,-0.012
36.325,0.035
36.330,0.075
36.335,0.106
36.340,0.131
36.345,0.158
36.350,0.185
36.355,0.205
36.360,0.221
36.365,0.233
36.370,0.238
36.375,0.237
36.380,0.233
36.385,0.228
36.390,0.222
36.395,0.214
36.400,0.205
36.405,0.201
36.410,0.201
36.415,0.192
36.420,0.180
36.425,0.172
36.430,0.166
36.435,0.162
36.440,0.154
36.445,0.139
36.450,0.125
36.455,0.112
36.460,0.106
36.465,0.102
36.470,0.095
36.475,0.090
36.480,0.087
36.485,0.086
36.490,0.088
36.495,0.085
36.500,0.077
36.505,0.066
36.510,0.054
36.515,0.048
36.520,0.051
36.525,0.059
36.530,0.065
36.535,0.062
36.540,0.051
36.545,0.036
36.550,0.027
36.555,0.026
36.560,0.026
36.565,0.030
36.570,0.033
36.575,0.035
36.580,0.045
36.585,0.045
36.590,0.030
36.595,0.017
36.600,0.013
36.605,0.012
36.610,0.007
36.615,0.002
36.620,0.006
36.625,0.015
36.630,0.011
36.635,0.002
36.640,0.002
36.645,0.002
36.650,-0.006
36.655,-0.011
36.660,-0.016
36.665,-0.025
36.670,-0.028
36.675,-0.022
36.680,-0.015
36.685,-0.010
36.690,-0.013
36.695,-0.017
36.700,-0.016
36.705,-0.022
36.710,-0.036
36.715,-0.037
36.720,-0.026
36.725,-0.021
36.730,-0.026
36.735,-0.036
36.740,-0.049
36.745,-0.044
36.750,-0.029
36.755,-0.032
36.760,-0.036
36.765,-0.036
36.770,-0.039
36.775,-0.034
36.780,-0.038
36.785,-0.046
36.790,-0.044
36.795,-0.043
36.800,-0.054
36.805,-0.058
36.810,-0.032
36.815,-0.011
36.820,-0.026
36.825,-0.054
36.830,-0.085
36.835,-0.108
36.840,-0.112
36.845,-0.119
36.850,-0.124
36.855,-0.123
36.860,-0.129
36.865,-0.138
36.870,-0.144
36.875,-0.164
36.880,-0.183
36.885,-0.182
36.890,-0.200
36.895,-0.202
36.900,-0.145
36.905,-0.079
36.910,-0.030
36.915,-0.012
36.920,0.009
36.925,0.069
36.930,0.102
36.935,0.095
36.940,0.096
36.945,0.104
36.950,0.108
36.955,0.108
36.960,0.083
36.965,0.059
36.970,0.063
36.975,0.072
36.980,0.091
36.985,0.100
36.990,0.068
36.995,0.009
37.000,-0.070
37.005,-0.227
37.010,-0.452
37.015,-0.643
37.020,-0.756
37.025,-0.685
37.030,-0.295
37.035,0.228
37.040,0.496
37.045,0.575
37.050,0.784
37.055,0.997
37.060,0.922
37.065,0.547
37.070,0.186
37.075,0.078
37.080,0.056
37.085,-0.014
37.090,-0.026
37.095,0.005
37.100,-0.024
37.105,-0.055
37.110,-0.037
37.115,-0.040
37.120,-0.065
37.125,-0.058
37.130,-0.048
37.135,-0.062
37.140,-0.062
37.145,-0.054
37.150,-0.064
37.155,-0.074
37.160,-0.072
37.165,-0.070
37.170,-0.077
37.175,-0.086
37.180,-0.095
37.185,-0.102
37.190,-0.105
37.195,-0.103
37.200,-0.105
37.205,-0.114
37.210,-0.118
37.215,-0.120
37.220,-0.127
37.225,-0.133
37.230,-0.142
37.235,-0.152
37.240,-0.157
37.245,-0.166
37.250,-0.177
37.255,-0.184
37.260,-0.196
37.265,-0.208
37.270,-0.220
37.275,-0.230
37.280,-0.239
37.285,-0.249
37.290,-0.255
37.295,-0.256
37.300,-0.254
37.305,-0.251
37.310,-0.244
37.315,-0.231
37.320,-0.213
37.325,-0.189
37.330,-0.155
37.335,-0.107
37.340,-0.055
37.345,-0.005
37.350,0.038
37.355,0.076
37.360,0.113
37.365,0.148
37.370,0.180
37.375,0.208
37.380,0.227
37.385,0.238
37.390,0.244
37.395,0.249
37.400,0.251
37.405,0.250
37.410,0.249
37.415,0.248
37.420,0.239
37.425,0.226
37.430,0.214
37.435,0.206
37.440,0.199
37.445,0.189
37.450,0.182
37.455,0.177
37.460,0.168
37.465,0.160
37.470,0.153
37.475,0.141
37.480,0.126
37.485,0.117
37.490,0.117
37.495,0.120
37.500,0.118
37.505,0.104
37.510,0.096
37.515,0.098
37.520,0.094
37.525,0.083
37.530,0.069
37.535,0.057
37.540,0.047
37.545,0.043
37.550,0.062
37.555,0.078
37.560,0.077
37.565,0.061
37.570,0.048
37.575,0.057
37.580,0.063
37.585,0.056
37.590,0.046
37.595,0.033
37.600,0.027
37.605,0.023
37.610,0.011
37.615,0.008
37.620,0.017
37.625,0.024
37.630,0.025
37.635,0.018
37.640,0.018
37.645,0.020
37.650,0.011
37.655,0.004
37.660,0.001
37.665,-0.006
37.670,-0.010
37.675,-0.008
37.680,-0.002
37.685,0.000
37.690,-0.008
37.695,-0.017
37.700,-0.018
37.705,-0.016
37.710,-0.020
37.715,-0.027
37.720,-0.028
37.725,-0.022
37.730,-0.017
37.735,-0.016
37.740,-0.016
37.745,-0.018
37.750,-0.027
37.755,-0.039
37.760,-0.043
37.765,-0.040
37.770,-0.038
37.775,-0.038
37.780,-0.036
37.785,-0.036
37.790,-0.034
37.795,-0.024
37.800,-0.015
37.805,-0.020
37.810,-0.036
37.815,-0.044
37.820,-0.043
37.825,-0.047
37.830,-0.048
37.835,-0.054
37.840,-0.064
37.845,-0.066
37.850,-0.068
37.855,-0.082
37.860,-0.104
37.865,-0.125
37.870,-0.136
37.875,-0.126
37.880,-0.129
37.885,-0.168
37.890,-0.203
37.895,-0.196
37.900,-0.162
37.905,-0.155
37.910,-0.171
37.915,-0.157
37.920,-0.099
37.925,-0.038
37.930,-0.011
37.935,0.009
37.940,0.046
37.945,0.064
37.950,0.064
37.955,0.076
37.960,0.097
37.965,0.111
37.970,0.110
37.975,0.101
37.980,0.093
37.985,0.088
37.990,0.082
37.995,0.078
38.000,0.077
38.005,0.069
38.010,0.035
38.015,-0.035
38.020,-0.180
38.025,-0.412
38.030,-0.667
38.035,-0.877
38.040,-0.888
38.045,-0.520
38.050,0.077
38.055,0.466
38.060,0.617
38.065,0.850
38.070,1.074
38.075,1.005
38.080,0.623
38.085,0.226
38.090,0.084
38.095,0.067
38.100,0.005
38.105,-0.018
38.110,0.012
38.115,-0.004
38.120,-0.032
38.125,-0.022
38.130,-0.021
38.135,-0.039
38.140,-0.038
38.145,-0.033
38.150,-0.044
38.155,-0.046
38.160,-0.042
38.165,-0.053
38.170,-0.063
38.175,-0.062
38.180,-0.066
38.185,-0.075
38.190,-0.077
38.195,-0.080
38.200,-0.083
38.205,-0.079
38.210,-0.078
38.215,-0.089
38.220,-0.101
38.225,-0.110
38.230,-0.114
38.235,-0.114
38.240,-0.115
38.245,-0.121
38.250,-0.131
38.255,-0.144
38.260,-0.157
38.265,-0.171
38.270,-0.186
38.275,-0.194
38.280,-0.200
38.285,-0.209
38.290,-0.222
38.295,-0.236
38.300,-0.248
38.305,-0.255
38.310,-0.258
38.315,-0.257
38.320,-0.251
38.325,-0.241
38.330,-0.228
38.335,-0.211
38.340,-0.187
38.345,-0.156
38.350,-0.118
38.355,-0.077
38.360,-0.030
38.365,0.021
38.370,0.066
38.375,0.104
38.380,0.133
38.385,0.161
38.390,0.190
38.395,0.217
38.400,0.233
38.405,0.239
38.410,0.243
38.415,0.249
38.420,0.251
38.425,0.245
38.430,0.235
38.435,0.227
38.440,0.220
38.445,0.211
38.450,0.204
38.455,0.200
38.460,0.193
38.465,0.182
38.470,0.170
38.475,0.160
38.480,0.152
38.485,0.146
38.490,0.139
38.495,0.128
38.500,0.119
38.505,0.110
38.510,0.100
38.515,0.092
38.520,0.085
38.525,0.082
38.530,0.081
38.535,0.077
38.540,0.070
38.545,0.061
38.550,0.053
38.555,0.046
38.560,0.044
38.565,0.046
38.570,0.046
38.575,0.044
38.580,0.042
38.585,0.040
38.590,0.039
38.595,0.037
38.600,0.035
38.605,0.034
38.610,0.031
38.615,0.027
38.620,0.025
38.625,0.024
38.630,0.021
38.635,0.019
38.640,0.018
38.645,0.015
38.650,0.011
38.655,0.009
38.660,0.008
38.665,0.009
38.670,0.009
38.675,0.006
38.680,0.002
38.685,-0.002
38.690,-0.005
38.695,-0.005
38.700,-0.005
38.705,-0.005
38.710,-0.006
38.715,-0.011
38.720,-0.019
38.725,-0.026
38.730,-0.029
38.735,-0.028
38.740,-0.023
38.745,-0.023
38.750,-0.025
38.755,-0.027
38.760,-0.026
38.765,-0.025
38.770,-0.028
38.775,-0.031
38.780,-0.030
38.785,-0.031
38.790,-0.033
38.795,-0.035
38.800,-0.035
38.805,-0.035
38.810,-0.036
38.815,-0.037
38.820,-0.037
38.825,-0.036
38.830,-0.036
38.835,-0.039
38.840,-0.040
38.845,-0.039
38.850,-0.039
38.855,-0.041
38.860,-0.042
38.865,-0.039
38.870,-0.036
38.875,-0.035
38.880,-0.041
38.885,-0.054
38.890,-0.075
38.895,-0.094
38.900,-0.107
38.905,-0.120
38.910,-0.131
38.915,-0.136
38.920,-0.131
38.925,-0.139
38.930,-0.169
38.935,-0.187
38.940,-0.171
38.945,-0.147
38.950,-0.152
38.955,-0.158
38.960,-0.123
38.965,-0.059
38.970,-0.013
38.975,0.008
38.980,0.031
38.985,0.062
38.990,0.078
38.995,0.081
39.000,0.091
39.005,0.106
39.010,0.112
39.015,0.108
39.020,0.103
39.025,0.100
39.030,0.094
39.035,0.085
39.040,0.082
39.045,0.078
39.050,0.059
39.055,0.017
39.060,-0.084
39.065,-0.287
39.070,-0.558
39.075,-0.824
39.080,-0.963
39.085,-0.763
39.090,-0.193
39.095,0.343
39.100,0.598
39.105,0.816
39.110,1.045
39.115,1.066
39.120,0.763
39.125,0.321
39.130,0.092
39.135,0.071
39.140,0.034
39.145,-0.006
39.150,0.012
39.155,0.008
39.160,-0.022
39.165,-0.020
39.170,-0.014
39.175,-0.029
39.180,-0.035
39.185,-0.030
39.190,-0.037
39.195,-0.043
39.200,-0.040
39.205,-0.039
39.210,-0.045
39.215,-0.046
39.220,-0.049
39.225,-0.062
39.230,-0.071
39.235,-0.074
39.240,-0.076
39.245,-0.077
39.250,-0.078
39.255,-0.084
39.260,-0.092
39.265,-0.099
39.270,-0.106
39.275,-0.115
39.280,-0.122
39.285,-0.128
39.290,-0.134
39.295,-0.141
39.300,-0.151
39.305,-0.161
39.310,-0.172
39.315,-0.185
39.320,-0.199
39.325,-0.213
39.330,-0.224
39.335,-0.235
39.340,-0.244
39.345,-0.252
39.350,-0.256
39.355,-0.257
39.360,-0.256
39.365,-0.249
39.370,-0.236
39.375,-0.219
39.380,-0.198
39.385,-0.169
39.390,-0.134
39.395,-0.093
39.400,-0.048
39.405,-0.005
39.410,0.037
39.415,0.080
39.420,0.120
39.425,0.157
39.430,0.187
39.435,0.208
39.440,0.225
39.445,0.236
39.450,0.243
39.455,0.247
39.460,0.248
39.465,0.247
39.470,0.241
39.475,0.234
39.480,0.226
39.485,0.219
39.490,0.213
39.495,0.205
39.500,0.196
39.505,0.187
39.510,0.178
39.515,0.169
39.520,0.159
39.525,0.149
39.530,0.143
39.535,0.137
39.540,0.129
39.545,0.120
39.550,0.112
39.555,0.104
39.560,0.098
39.565,0.092
39.570,0.086
39.575,0.078
39.580,0.067
39.585,0.059
39.590,0.056
39.595,0.055
39.600,0.056
39.605,0.055
39.610,0.051
39.615,0.047
39.620,0.043
39.625,0.041
39.630,0.039
39.635,0.036
39.640,0.035
39.645,0.033
39.650,0.031
39.655,0.029
39.660,0.026
39.665,0.023
39.670,0.020
39.675,0.018
39.680,0.016
39.685,0.014
39.690,0.012
39.695,0.010
39.700,0.008
39.705,0.004
39.710,0.001
39.715,0.000
39.720,-0.001
39.725,-0.002
39.730,-0.003
39.735,-0.005
39.740,-0.005
39.745,-0.006
39.750,-0.008
39.755,-0.011
39.760,-0.016
39.765,-0.023
39.770,-0.028
39.775,-0.029
39.780,-0.027
39.785,-0.026
39.790,-0.027
39.795,-0.028
39.800,-0.029
39.805,-0.030
39.810,-0.032
39.815,-0.032
39.820,-0.034
39.825,-0.034
39.830,-0.033
39.835,-0.034
39.840,-0.036
39.845,-0.038
39.850,-0.038
39.855,-0.038
39.860,-0.038
39.865,-0.038
39.870,-0.039
39.875,-0.039
39.880,-0.037
39.885,-0.036
39.890,-0.036
39.895,-0.037
39.900,-0.039
39.905,-0.040
39.910,-0.039
39.915,-0.039
39.920,-0.037
39.925,-0.036
39.930,-0.036
39.935,-0.035
39.940,-0.036
39.945,-0.042
39.950,-0.046
39.955,-0.045
39.960,-0.040
39.965,-0.036
39.970,-0.044
39.975,-0.062
39.980,-0.079
39.985,-0.089
39.990,-0.099
39.995,-0.115
40.000,-0.128
40.005,-0.131
40.010,-0.133
40.015,-0.150
40.020,-0.176
40.025,-0.181
40.030,-0.155
40.035,-0.138
40.040,-0.150
40.045,-0.149
40.050,-0.102
40.055,-0.035
40.060,0.004
40.065,0.021
40.070,0.046
40.075,0.074
40.080,0.081
40.085,0.085
40.090,0.102
40.095,0.119
40.100,0.122
40.105,0.115
40.110,0.111
40.115,0.107
40.120,0.094
40.125,0.079
40.130,0.071
40.135,0.066
40.140,0.050
40.145,0.000
40.150,-0.130
40.155,-0.352
40.160,-0.602
40.165,-0.814
40.170,-0.851
40.175,-0.539
40.180,0.023
40.185,0.433
40.190,0.624
40.195,0.866
40.200,1.071
40.205,0.995
40.210,0.616
40.215,0.214
40.220,0.073
40.225,0.065
40.230,0.013
40.235,-0.010
40.240,0.014
40.245,-0.002
40.250,-0.027
40.255,-0.019
40.260,-0.020
40.265,-0.036
40.270,-0.035
40.275,-0.028
40.280,-0.033
40.285,-0.040
40.290,-0.043
40.295,-0.049
40.300,-0.052
40.305,-0.049
40.310,-0.054
40.315,-0.067
40.320,-0.073
40.325,-0.075
40.330,-0.075
40.335,-0.074
40.340,-0.078
40.345,-0.084
40.350,-0.089
40.355,-0.091
40.360,-0.097
40.365,-0.107
40.370,-0.118
40.375,-0.130
40.380,-0.143
40.385,-0.152
40.390,-0.154
40.395,-0.158
40.400,-0.168
40.405,-0.180
40.410,-0.189
40.415,-0.195
40.420,-0.201
40.425,-0.211
40.430,-0.227
40.435,-0.242
40.440,-0.249
40.445,-0.247
40.450,-0.239
40.455,-0.228
40.460,-0.215
40.465,-0.204
40.470,-0.194
40.475,-0.173
40.480,-0.138
40.485,-0.097
40.490,-0.054
40.495,-0.008
40.500,0.039
40.505,0.083
40.510,0.118
40.515,0.148
40.520,0.178
40.525,0.200
40.530,0.209
40.535,0.212
40.540,0.222
40.545,0.234
40.550,0.235
40.555,0.228
40.560,0.219
40.565,0.216
40.570,0.212
40.575,0.203
40.580,0.199
40.585,0.199
40.590,0.190
40.595,0.173
40.600,0.162
40.605,0.157
40.610,0.149
40.615,0.137
40.620,0.132
40.625,0.137
40.630,0.138
40.635,0.125
40.640,0.108
40.645,0.095
40.650,0.084
40.655,0.079
40.660,0.079
40.665,0.075
40.670,0.068
40.675,0.066
40.680,0.067
40.685,0.065
40.690,0.060
40.695,0.052
40.700,0.046
40.705,0.045
40.710,0.044
40.715,0.044
40.720,0.044
40.725,0.046
40.730,0.050
40.735,0.050
40.740,0.042
40.745,0.029
40.750,0.020
40.755,0.010
40.760,0.008
40.765,0.021
40.770,0.033
40.775,0.035
40.780,0.029
40.785,0.020
40.790,0.012
40.795,0.006
40.800,0.004
40.805,0.006
40.810,0.004
40.815,-0.005
40.820,-0.015
40.825,-0.012
40.830,-0.006
40.835,-0.009
40.840,-0.008
40.845,-0.005
40.850,-0.006
40.855,-0.011
40.860,-0.017
40.865,-0.017
40.870,-0.017
40.875,-0.019
40.880,-0.020
40.885,-0.020
40.890,-0.029
40.895,-0.039
40.900,-0.041
40.905,-0.036
40.910,-0.034
40.915,-0.031
40.920,-0.022
40.925,-0.015
40.930,-0.018
40.935,-0.027
40.940,-0.037
40.945,-0.048
40.950,-0.053
40.955,-0.050
40.960,-0.041
40.965,-0.028
40.970,-0.026
40.975,-0.034
40.980,-0.051
40.985,-0.075
40.990,-0.091
40.995,-0.104
41.000,-0.118
41.005,-0.129
41.010,-0.133
41.015,-0.131
41.020,-0.142
41.025,-0.163
41.030,-0.177
41.035,-0.170
41.040,-0.161
41.045,-0.172
41.050,-0.168
41.055,-0.125
41.060,-0.066
41.065,-0.022
41.070,0.005
41.075,0.031
41.080,0.054
41.085,0.068
41.090,0.076
41.095,0.089
41.100,0.111
41.105,0.114
41.110,0.097
41.115,0.089
41.120,0.089
41.125,0.087
41.130,0.081
41.135,0.076
41.140,0.081
41.145,0.071
41.150,0.007
41.155,-0.115
41.160,-0.293
41.165,-0.495
41.170,-0.648
41.175,-0.711
41.180,-0.590
41.185,-0.187
41.190,0.276
41.195,0.466
41.200,0.546
41.205,0.788
41.210,0.978
41.215,0.838
41.220,0.450
41.225,0.142
41.230,0.072
41.235,0.048
41.240,-0.023
41.245,-0.024
41.250,0.008
41.255,-0.020
41.260,-0.038
41.265,-0.019
41.270,-0.030
41.275,-0.055
41.280,-0.050
41.285,-0.052
41.290,-0.071
41.295,-0.071
41.300,-0.061
41.305,-0.062
41.310,-0.060
41.315,-0.055
41.320,-0.064
41.325,-0.081
41.330,-0.090
41.335,-0.090
41.340,-0.094
41.345,-0.095
41.350,-0.091
41.355,-0.094
41.360,-0.100
41.365,-0.106
41.370,-0.113
41.375,-0.119
41.380,-0.125
41.385,-0.135
41.390,-0.146
41.395,-0.151
41.400,-0.151
41.405,-0.157
41.410,-0.173
41.415,-0.195
41.420,-0.208
41.425,-0.210
41.430,-0.218
41.435,-0.234
41.440,-0.242
41.445,-0.236
41.450,-0.227
41.455,-0.228
41.460,-0.234
41.465,-0.231
41.470,-0.221
41.475,-0.205
41.480,-0.184
41.485,-0.155
41.490,-0.114
41.495,-0.074
41.500,-0.030
41.505,0.024
41.510,0.062
41.515,0.098
41.520,0.145
41.525,0.171
41.530,0.185
41.535,0.196
41.540,0.208
41.545,0.234
41.550,0.252
41.555,0.243
41.560,0.233
41.565,0.221
41.570,0.197
41.575,0.189
41.580,0.195
41.585,0.195
41.590,0.186
41.595,0.165
41.600,0.156
41.605,0.168
41.610,0.166
41.615,0.161
41.620,0.154
41.625,0.136
41.630,0.119
41.635,0.113
41.640,0.114
41.645,0.109
41.650,0.097
41.655,0.089
41.660,0.086
41.665,0.085
41.670,0.082
41.675,0.083
41.680,0.084
41.685,0.072
41.690,0.059
41.695,0.050
41.700,0.048
41.705,0.050
41.710,0.046
41.715,0.047
41.720,0.047
41.725,0.051
41.730,0.055
41.735,0.044
41.740,0.036
41.745,0.042
41.750,0.046
41.755,0.041
41.760,0.033
41.765,0.024
41.770,0.021
41.775,0.028
41.780,0.025
41.785,0.012
41.790,0.005
41.795,0.008
41.800,0.018
41.805,0.020
41.810,0.008
41.815,0.014
41.820,0.027
41.825,0.020
41.830,0.003
41.835,-0.013
41.840,-0.016
41.845,-0.019
41.850,-0.028
41.855,-0.027
41.860,-0.023
41.865,-0.018
41.870,-0.005
41.875,0.002
41.880,-0.005
41.885,-0.017
41.890,-0.024
41.895,-0.026
41.900,-0.030
41.905,-0.032
41.910,-0.031
41.915,-0.027
41.920,-0.031
41.925,-0.039
41.930,-0.034
41.935,-0.024
41.940,-0.019
41.945,-0.019
41.950,-0.034
41.955,-0.049
41.960,-0.046
41.965,-0.035
41.970,-0.026
41.975,-0.030
41.980,-0.046
41.985,-0.063
41.990,-0.074
41.995,-0.078
42.000,-0.083
42.005,-0.097
42.010,-0.114
42.015,-0.122
42.020,-0.125
42.025,-0.135
42.030,-0.158
42.035,-0.177
42.040,-0.183
42.045,-0.180
42.050,-0.174
42.055,-0.158
42.060,-0.111
42.065,-0.048
42.070,-0.011
42.075,0.006
42.080,0.019
42.085,0.032
42.090,0.052
42.095,0.070
42.100,0.088
42.105,0.108
42.110,0.112
42.115,0.105
42.120,0.103
42.125,0.098
42.130,0.082
42.135,0.071
42.140,0.066
42.145,0.058
42.150,0.039
42.155,0.004
42.160,-0.061
42.165,-0.203
42.170,-0.420
42.175,-0.640
42.180,-0.796
42.185,-0.761
42.190,-0.380
42.195,0.181
42.200,0.490
42.205,0.580
42.210,0.788
42.215,1.001
42.220,0.928
42.225,0.562
42.230,0.208
42.235,0.097
42.240,0.068
42.245,-0.013
42.250,-0.037
42.255,-0.002
42.260,-0.015
42.265,-0.037
42.270,-0.023
42.275,-0.026
42.280,-0.050
42.285,-0.055
42.290,-0.052
42.295,-0.057
42.300,-0.050
42.305,-0.041
42.310,-0.059
42.315,-0.081
42.320,-0.081
42.325,-0.081
42.330,-0.089
42.335,-0.087
42.340,-0.080
42.345,-0.076
42.350,-0.072
42.355,-0.078
42.360,-0.094
42.365,-0.112
42.370,-0.125
42.375,-0.121
42.380,-0.123
42.385,-0.137
42.390,-0.147
42.395,-0.148
42.400,-0.142
42.405,-0.137
42.410,-0.144
42.415,-0.160
42.420,-0.183
42.425,-0.207
42.430,-0.222
42.435,-0.237
42.440,-0.251
42.445,-0.255
42.450,-0.252
42.455,-0.254
42.460,-0.258
42.465,-0.256
42.470,-0.242
42.475,-0.226
42.480,-0.205
42.485,-0.178
42.490,-0.151
42.495,-0.115
42.500,-0.067
42.505,-0.011
42.510,0.040
42.515,0.079
42.520,0.119
42.525,0.147
42.530,0.168
42.535,0.195
42.540,0.215
42.545,0.230
42.550,0.239
42.555,0.238
42.560,0.236
42.565,0.234
42.570,0.233
42.575,0.235
42.580,0.238
42.585,0.236
42.590,0.227
42.595,0.214
42.600,0.197
42.605,0.185
42.610,0.181
42.615,0.172
42.620,0.160
42.625,0.146
42.630,0.132
42.635,0.131
42.640,0.136
42.645,0.132
42.650,0.119
42.655,0.101
42.660,0.087
42.665,0.087
42.670,0.084
42.675,0.068
42.680,0.056
42.685,0.053
42.690,0.064
42.695,0.076
42.700,0.074
42.705,0.070
42.710,0.058
42.715,0.039
42.720,0.031
42.725,0.034
42.730,0.034
42.735,0.033
42.740,0.028
42.745,0.029
42.750,0.035
42.755,0.029
42.760,0.021
42.765,0.022
42.770,0.026
42.775,0.025
42.780,0.028
42.785,0.031
42.790,0.022
42.795,0.013
42.800,0.013
42.805,0.016
42.810,0.013
42.815,0.006
42.820,0.003
42.825,0.004
42.830,-0.001
42.835,-0.016
42.840,-0.027
42.845,-0.018
42.850,-0.003
42.855,-0.002
42.860,-0.010
42.865,-0.016
42.870,-0.018
42.875,-0.016
42.880,-0.021
42.885,-0.030
42.890,-0.029
42.895,-0.028
42.900,-0.031
42.905,-0.029
42.910,-0.030
42.915,-0.033
42.920,-0.033
42.925,-0.036
42.930,-0.033
42.935,-0.027
42.940,-0.028
42.945,-0.032
42.950,-0.035
42.955,-0.033
42.960,-0.035
42.965,-0.037
42.970,-0.033
42.975,-0.032
42.980,-0.038
42.985,-0.052
42.990,-0.061
42.995,-0.063
43.000,-0.074
43.005,-0.090
43.010,-0.097
43.015,-0.108
43.020,-0.124
43.025,-0.129
43.030,-0.136
43.035,-0.155
43.040,-0.169
43.045,-0.166
43.050,-0.153
43.055,-0.156
43.060,-0.169
43.065,-0.146
43.070,-0.089
43.075,-0.037
43.080,-0.012
43.085,0.000
43.090,0.024
43.095,0.045
43.100,0.053
43.105,0.065
43.110,0.081
43.115,0.097
43.120,0.102
43.125,0.096
43.130,0.097
43.135,0.097
43.140,0.089
43.145,0.078
43.150,0.065
43.155,0.052
43.160,0.029
43.165,-0.015
43.170,-0.120
43.175,-0.314
43.180,-0.555
43.185,-0.789
43.190,-0.905
43.195,-0.693
43.200,-0.118
43.205,0.392
43.210,0.577
43.215,0.741
43.220,0.977
43.225,1.022
43.230,0.737
43.235,0.315
43.240,0.102
43.245,0.079
43.250,0.029
43.255,-0.019
43.260,0.000
43.265,-0.008
43.270,-0.039
43.275,-0.023
43.280,-0.007
43.285,-0.031
43.290,-0.046
43.295,-0.039
43.300,-0.048
43.305,-0.062
43.310,-0.058
43.315,-0.054
43.320,-0.059
43.325,-0.060
43.330,-0.061
43.335,-0.069
43.340,-0.071
43.345,-0.071
43.350,-0.076
43.355,-0.078
43.360,-0.080
43.365,-0.088
43.370,-0.096
43.375,-0.097
43.380,-0.101
43.385,-0.112
43.390,-0.124
43.395,-0.131
43.400,-0.136
43.405,-0.147
43.410,-0.157
43.415,-0.158
43.420,-0.163
43.425,-0.177
43.430,-0.197
43.435,-0.214
43.440,-0.228
43.445,-0.235
43.450,-0.238
43.455,-0.245
43.460,-0.253
43.465,-0.255
43.470,-0.251
43.475,-0.248
43.480,-0.241
43.485,-0.225
43.490,-0.200
43.495,-0.163
43.500,-0.118
43.505,-0.074
43.510,-0.027
43.515,0.021
43.520,0.065
43.525,0.107
43.530,0.146
43.535,0.173
43.540,0.195
43.545,0.212
43.550,0.226
43.555,0.235
43.560,0.239
43.565,0.237
43.570,0.238
43.575,0.246
43.580,0.249
43.585,0.241
43.590,0.229
43.595,0.214
43.600,0.205
43.605,0.201
43.610,0.197
43.615,0.187
43.620,0.176
43.625,0.168
43.630,0.159
43.635,0.150
43.640,0.143
43.645,0.133
43.650,0.123
43.655,0.114
43.660,0.106
43.665,0.098
43.670,0.087
43.675,0.077
43.680,0.072
43.685,0.070
43.690,0.068
43.695,0.061
43.700,0.054
43.705,0.051
43.710,0.052
43.715,0.053
43.720,0.051
43.725,0.040
43.730,0.029
43.735,0.025
43.740,0.028
43.745,0.036
43.750,0.039
43.755,0.032
43.760,0.024
43.765,0.022
43.770,0.023
43.775,0.022
43.780,0.019
43.785,0.015
43.790,0.011
43.795,0.008
43.800,0.008
43.805,0.011
43.810,0.010
43.815,0.008
43.820,0.008
43.825,0.007
43.830,0.004
43.835,-0.001
43.840,-0.008
43.845,-0.011
43.850,-0.012
43.855,-0.010
43.860,-0.009
43.865,-0.008
43.870,-0.009
43.875,-0.011
43.880,-0.013
43.885,-0.020
43.890,-0.027
43.895,-0.031
43.900,-0.031
43.905,-0.027
43.910,-0.024
43.915,-0.023
43.920,-0.025
43.925,-0.030
43.930,-0.035
43.935,-0.035
43.940,-0.034
43.945,-0.034
43.950,-0.037
43.955,-0.039
43.960,-0.038
43.965,-0.035
43.970,-0.034
43.975,-0.035
43.980,-0.035
43.985,-0.038
43.990,-0.039
43.995,-0.038
44.000,-0.038
44.005,-0.036
44.010,-0.035
44.015,-0.034
44.020,-0.031
44.025,-0.031
44.030,-0.034
44.035,-0.043
44.040,-0.061
44.045,-0.079
44.050,-0.092
44.055,-0.099
44.060,-0.110
44.065,-0.121
44.070,-0.126
44.075,-0.124
44.080,-0.136
44.085,-0.163
44.090,-0.180
44.095,-0.166
44.100,-0.143
44.105,-0.144
44.110,-0.149
44.115,-0.117
44.120,-0.060
44.125,-0.015
44.130,0.005
44.135,0.026
44.140,0.054
44.145,0.067
44.150,0.068
44.155,0.076
44.160,0.093
44.165,0.105
44.170,0.108
44.175,0.107
44.180,0.105
44.185,0.100
44.190,0.093
44.195,0.089
44.200,0.084
44.205,0.063
44.210,0.023
44.215,-0.049
44.220,-0.209
44.225,-0.464
44.230,-0.741
44.235,-0.951
44.240,-0.879
44.245,-0.375
44.250,0.235
44.255,0.563
44.260,0.735
44.265,0.942
44.270,1.041
44.275,0.850
44.280,0.435
44.285,0.127
44.290,0.069
44.295,0.049
44.300,-0.001
44.305,0.008
44.310,0.020
44.315,-0.006
44.320,-0.011
44.325,0.001
44.330,-0.011
44.335,-0.027
44.340,-0.027
44.345,-0.033
44.350,-0.044
44.355,-0.043
44.360,-0.042
44.365,-0.045
44.370,-0.046
44.375,-0.047
44.380,-0.054
44.385,-0.061
44.390,-0.062
44.395,-0.066
44.400,-0.072
44.405,-0.076
44.410,-0.082
44.415,-0.088
44.420,-0.094
44.425,-0.099
44.430,-0.105
44.435,-0.114
44.440,-0.121
44.445,-0.128
44.450,-0.136
44.455,-0.146
44.460,-0.160
44.465,-0.174
44.470,-0.184
44.475,-0.195
44.480,-0.206
44.485,-0.218
44.490,-0.229
44.495,-0.238
44.500,-0.243
44.505,-0.244
44.510,-0.247
44.515,-0.248
44.520,-0.246
44.525,-0.241
44.530,-0.227
44.535,-0.208
44.540,-0.183
44.545,-0.146
44.550,-0.106
44.555,-0.062
44.560,-0.015
44.565,0.030
44.570,0.074
44.575,0.115
44.580,0.152
44.585,0.183
44.590,0.209
44.595,0.227
44.600,0.237
44.605,0.244
44.610,0.247
44.615,0.247
44.620,0.245
44.625,0.240
44.630,0.234
44.635,0.229
44.640,0.220
44.645,0.210
44.650,0.201
44.655,0.194
44.660,0.189
44.665,0.184
44.670,0.177
44.675,0.167
44.680,0.155
44.685,0.143
44.690,0.134
44.695,0.127
44.700,0.118
44.705,0.112
44.710,0.105
44.715,0.099
44.720,0.090
44.725,0.080
44.730,0.069
44.735,0.060
44.740,0.057
44.745,0.056
44.750,0.054
44.755,0.053
44.760,0.050
44.765,0.048
44.770,0.047
44.775,0.044
44.780,0.042
44.785,0.039
44.790,0.033
44.795,0.029
44.800,0.029
44.805,0.029
44.810,0.026
44.815,0.022
44.820,0.020
44.825,0.018
44.830,0.017
44.835,0.018
44.840,0.017
44.845,0.018
44.850,0.014
44.855,0.003
44.860,-0.007
44.865,-0.011
44.870,-0.008
44.875,-0.002
44.880,0.000
44.885,-0.003
44.890,-0.006
44.895,-0.007
44.900,-0.011
44.905,-0.013
44.910,-0.013
44.915,-0.014
44.920,-0.015
44.925,-0.018
44.930,-0.020
44.935,-0.022
44.940,-0.025
44.945,-0.027
44.950,-0.029
44.955,-0.027
44.960,-0.027
44.965,-0.029
44.970,-0.030
44.975,-0.033
44.980,-0.035
44.985,-0.037
44.990,-0.038
44.995,-0.038
45.000,-0.038
45.005,-0.037
45.010,-0.036
45.015,-0.038
45.020,-0.040
45.025,-0.043
45.030,-0.042
45.035,-0.040
45.040,-0.039
45.045,-0.035
45.050,-0.034
45.055,-0.034
45.060,-0.036
45.065,-0.038
45.070,-0.039
45.075,-0.041
45.080,-0.043
45.085,-0.042
45.090,-0.041
45.095,-0.043
45.100,-0.052
45.105,-0.064
45.110,-0.076
45.115,-0.085
45.120,-0.096
45.125,-0.111
45.130,-0.126
45.135,-0.130
45.140,-0.125
45.145,-0.137
45.150,-0.167
45.155,-0.184
45.160,-0.168
45.165,-0.145
45.170,-0.150
45.175,-0.153
45.180,-0.117
45.185,-0.055
45.190,-0.010
45.195,0.007
45.200,0.024
45.205,0.050
45.210,0.064
45.215,0.072
45.220,0.087
45.225,0.106
45.230,0.116
45.235,0.113
45.240,0.109
45.245,0.104
45.250,0.097
45.255,0.088
45.260,0.079
45.265,0.069
45.270,0.052
45.275,0.019
45.280,-0.064
45.285,-0.246
45.290,-0.510
45.295,-0.775
45.300,-0.940
45.305,-0.799
45.310,-0.263
45.315,0.299
45.320,0.572
45.325,0.762
45.330,0.987
45.335,1.050
45.340,0.803
45.345,0.375
45.350,0.110
45.355,0.073
45.360,0.039
45.365,-0.007
45.370,0.008
45.375,0.012
45.380,-0.016
45.385,-0.020
45.390,-0.013
45.395,-0.028
45.400,-0.035
45.405,-0.027
45.410,-0.031
45.415,-0.042
45.420,-0.039
45.425,-0.037
45.430,-0.041
45.435,-0.041
45.440,-0.044
45.445,-0.056
45.450,-0.067
45.455,-0.072
45.460,-0.076
45.465,-0.078
45.470,-0.075
45.475,-0.078
45.480,-0.087
45.485,-0.096
45.490,-0.100
45.495,-0.100
45.500,-0.109
45.505,-0.120
45.510,-0.128
45.515,-0.134
45.520,-0.140
45.525,-0.156
45.530,-0.174
45.535,-0.186
45.540,-0.195
45.545,-0.201
45.550,-0.210
45.555,-0.222
45.560,-0.236
45.565,-0.244
45.570,-0.244
45.575,-0.242
45.580,-0.242
45.585,-0.241
45.590,-0.236
45.595,-0.222
45.600,-0.199
45.605,-0.172
45.610,-0.143
45.615,-0.106
45.620,-0.061
45.625,-0.014
45.630,0.032
45.635,0.076
45.640,0.114
45.645,0.146
45.650,0.174
45.655,0.201
45.660,0.218
45.665,0.226
45.670,0.233
45.675,0.241
45.680,0.249
45.685,0.247
45.690,0.241
45.695,0.234
45.700,0.220
45.705,0.210
45.710,0.208
45.715,0.204
45.720,0.195
45.725,0.183
45.730,0.178
45.735,0.174
45.740,0.165
45.745,0.151
45.750,0.141
45.755,0.135
45.760,0.126
45.765,0.115
45.770,0.110
45.775,0.104
45.780,0.096
45.785,0.088
45.790,0.078
45.795,0.074
45.800,0.075
45.805,0.074
45.810,0.070
45.815,0.062
45.820,0.052
45.825,0.047
45.830,0.045
45.835,0.044
45.840,0.049
45.845,0.050
45.850,0.046
45.855,0.043
45.860,0.034
45.865,0.029
45.870,0.031
45.875,0.030
45.880,0.027
45.885,0.023
45.890,0.018
45.895,0.017
45.900,0.017
45.905,0.016
45.910,0.019
45.915,0.016
45.920,0.007
45.925,0.002
45.930,0.005
45.935,0.009
45.940,0.009
45.945,0.005
45.950,0.001
45.955,0.000
45.960,-0.005
45.965,-0.015
45.970,-0.016
45.975,-0.011
45.980,-0.007
45.985,-0.011
45.990,-0.023
45.995,-0.027
46.000,-0.029
46.005,-0.028
46.010,-0.023
46.015,-0.019
46.020,-0.012
46.025,-0.014
46.030,-0.023
46.035,-0.021
46.040,-0.019
46.045,-0.023
46.050,-0.034
46.055,-0.045
46.060,-0.043
46.065,-0.041
46.070,-0.044
46.075,-0.040
46.080,-0.028
46.085,-0.023
46.090,-0.029
46.095,-0.035
46.100,-0.040
46.105,-0.042
46.110,-0.038
46.115,-0.032
46.120,-0.028
46.125,-0.032
46.130,-0.041
46.135,-0.040
46.140,-0.033
46.145,-0.039
46.150,-0.057
46.155,-0.078
46.160,-0.099
46.165,-0.115
46.170,-0.129
46.175,-0.137
46.180,-0.131
46.185,-0.126
46.190,-0.137
46.195,-0.164
46.200,-0.190
46.205,-0.184
46.210,-0.170
46.215,-0.172
46.220,-0.163
46.225,-0.123
46.230,-0.061
46.235,-0.014
46.240,0.001
46.245,0.024
46.250,0.056
46.255,0.064
46.260,0.062
46.265,0.070
46.270,0.095
46.275,0.109
46.280,0.104
46.285,0.104
46.290,0.102
46.295,0.092
46.300,0.084
46.305,0.079
46.310,0.076
46.315,0.058
46.320,0.007
46.325,-0.087
46.330,-0.254
46.335,-0.474
46.340,-0.662
46.345,-0.768
46.350,-0.662
46.355,-0.223
46.360,0.285
46.365,0.503
46.370,0.594
46.375,0.828
46.380,1.009
46.385,0.864
46.390,0.465
46.395,0.156
46.400,0.089
46.405,0.069
46.410,0.004
46.415,-0.006
46.420,0.009
46.425,-0.030
46.430,-0.053
46.435,-0.032
46.440,-0.038
46.445,-0.055
46.450,-0.046
46.455,-0.049
46.460,-0.063
46.465,-0.053
46.470,-0.042
46.475,-0.047
46.480,-0.049
46.485,-0.045
46.490,-0.057
46.495,-0.076
46.500,-0.086
46.505,-0.093
46.510,-0.096
46.515,-0.092
46.520,-0.088
46.525,-0.090
46.530,-0.099
46.535,-0.110
46.540,-0.120
46.545,-0.124
46.550,-0.123
46.555,-0.130
46.560,-0.144
46.565,-0.149
46.570,-0.152
46.575,-0.161
46.580,-0.177
46.585,-0.193
46.590,-0.202
46.595,-0.210
46.600,-0.221
46.605,-0.221
46.610,-0.219
46.615,-0.232
46.620,-0.241
46.625,-0.241
46.630,-0.237
46.635,-0.233
46.640,-0.225
46.645,-0.203
46.650,-0.173
46.655,-0.143
46.660,-0.111
46.665,-0.071
46.670,-0.025
46.675,0.015
46.680,0.055
46.685,0.101
46.690,0.142
46.695,0.166
46.700,0.186
46.705,0.204
46.710,0.220
46.715,0.230
46.720,0.231
46.725,0.233
46.730,0.233
46.735,0.225
46.740,0.219
46.745,0.217
46.750,0.208
46.755,0.200
46.760,0.196
46.765,0.184
46.770,0.174
46.775,0.169
46.780,0.161
46.785,0.154
46.790,0.142
46.795,0.130
46.800,0.123
46.805,0.114
46.810,0.112
46.815,0.112
46.820,0.100
46.825,0.084
46.830,0.071
46.835,0.076
46.840,0.084
46.845,0.079
46.850,0.075
46.855,0.079
46.860,0.081
46.865,0.073
46.870,0.057
46.875,0.043
46.880,0.032
46.885,0.026
46.890,0.028
46.895,0.035
46.900,0.045
46.905,0.046
46.910,0.042
46.915,0.037
46.920,0.034
46.925,0.041
46.930,0.045
46.935,0.041
46.940,0.036
46.945,0.028
46.950,0.026
46.955,0.024
46.960,0.015
46.965,0.009
46.970,0.002
46.975,-0.007
46.980,-0.003
46.985,-0.003
46.990,-0.009
46.995,0.002
47.000,0.013
47.005,0.011
47.010,0.001
47.015,-0.009
47.020,-0.008
47.025,-0.009
47.030,-0.022
47.035,-0.031
47.040,-0.023
47.045,-0.020
47.050,-0.015
47.055,-0.006
47.060,-0.007
47.065,-0.008
47.070,-0.012
47.075,-0.026
47.080,-0.040
47.085,-0.045
47.090,-0.046
47.095,-0.042
47.100,-0.033
47.105,-0.024
47.110,-0.020
47.115,-0.023
47.120,-0.027
47.125,-0.024
47.130,-0.017
47.135,-0.016
47.140,-0.015
47.145,-0.017
47.150,-0.040
47.155,-0.060
47.160,-0.059
47.165,-0.054
47.170,-0.058
47.175,-0.063
47.180,-0.067
47.185,-0.078
47.190,-0.086
47.195,-0.087
47.200,-0.094
47.205,-0.108
47.210,-0.119
47.215,-0.132
47.220,-0.151
47.225,-0.170
47.230,-0.174
47.235,-0.161
47.240,-0.157
47.245,-0.157
47.250,-0.124
47.255,-0.069
47.260,-0.020
47.265,0.001
47.270,0.017
47.275,0.047
47.280,0.068
47.285,0.071
47.290,0.078
47.295,0.102
47.300,0.122
47.305,0.117
47.310,0.100
47.315,0.092
47.320,0.086
47.325,0.074
47.330,0.062
47.335,0.062
47.340,0.065
47.345,0.039
47.350,-0.026
47.355,-0.163
47.360,-0.376
47.365,-0.598
47.370,-0.785
47.375,-0.816
47.380,-0.509
47.385,0.067
47.390,0.471
47.395,0.568
47.400,0.725
47.405,0.970
47.410,0.980
47.415,0.653
47.420,0.252
47.425,0.083
47.430,0.066
47.435,0.016
47.440,-0.028
47.445,-0.008
47.450,-0.012
47.455,-0.045
47.460,-0.029
47.465,-0.016
47.470,-0.055
47.475,-0.070
47.480,-0.055
47.485,-0.058
47.490,-0.064
47.495,-0.056
47.500,-0.052
47.505,-0.059
47.510,-0.066
47.515,-0.078
47.520,-0.091
47.525,-0.087
47.530,-0.081
47.535,-0.080
47.540,-0.080
47.545,-0.087
47.550,-0.092
47.555,-0.095
47.560,-0.101
47.565,-0.109
47.570,-0.125
47.575,-0.140
47.580,-0.139
47.585,-0.133
47.590,-0.131
47.595,-0.140
47.600,-0.161
47.605,-0.184
47.610,-0.198
47.615,-0.207
47.620,-0.215
47.625,-0.214
47.630,-0.214
47.635,-0.222
47.640,-0.228
47.645,-0.247
47.650,-0.265
47.655,-0.261
47.660,-0.253
47.665,-0.246
47.670,-0.231
47.675,-0.206
47.680,-0.173
47.685,-0.127
47.690,-0.082
47.695,-0.036
47.700,0.014
47.705,0.062
47.710,0.115
47.715,0.158
47.720,0.180
47.725,0.194
47.730,0.204
47.735,0.212
47.740,0.222
47.745,0.229
47.750,0.233
47.755,0.236
47.760,0.242
47.765,0.244
47.770,0.235
47.775,0.228
47.780,0.220
47.785,0.207
47.790,0.195
47.795,0.186
47.800,0.187
47.805,0.181
47.810,0.163
47.815,0.154
47.820,0.148
47.825,0.137
47.830,0.127
47.835,0.122
47.840,0.118
47.845,0.104
47.850,0.093
47.855,0.095
47.860,0.091
47.865,0.073
47.870,0.064
47.875,0.065
47.880,0.064
47.885,0.064
47.890,0.063
47.895,0.057
47.900,0.053
47.905,0.052
47.910,0.054
47.915,0.050
47.920,0.041
47.925,0.038
47.930,0.035
47.935,0.027
47.940,0.018
47.945,0.022
47.950,0.030
47.955,0.036
47.960,0.043
47.965,0.043
47.970,0.036
47.975,0.032
47.980,0.035
47.985,0.036
47.990,0.019
47.995,-0.003
48.000,-0.017
48.005,-0.020
48.010,-0.017
48.015,-0.008
48.020,0.005
48.025,0.009
48.030,0.004
48.035,0.002
48.040,0.001
48.045,0.000
48.050,-0.002
48.055,-0.008
48.060,-0.016
48.065,-0.019
48.070,-0.018
48.075,-0.014
48.080,-0.014
48.085,-0.023
48.090,-0.030
48.095,-0.029
48.100,-0.027
48.105,-0.023
48.110,-0.021
48.115,-0.023
48.120,-0.026
48.125,-0.028
48.130,-0.030
48.135,-0.029
48.140,-0.027
48.145,-0.026
48.150,-0.026
48.155,-0.024
48.160,-0.029
48.165,-0.038
48.170,-0.042
48.175,-0.043
48.180,-0.039
48.185,-0.034
48.190,-0.034
48.195,-0.033
48.200,-0.035
48.205,-0.041
48.210,-0.054
48.215,-0.069
48.220,-0.080
48.225,-0.095
48.230,-0.112
48.235,-0.129
48.240,-0.134
48.245,-0.127
48.250,-0.133
48.255,-0.153
48.260,-0.165
48.265,-0.156
48.270,-0.152
48.275,-0.169
48.280,-0.164
48.285,-0.119
48.290,-0.058
48.295,-0.017
48.300,-0.006
48.305,0.015
48.310,0.050
48.315,0.074
48.320,0.084
48.325,0.087
48.330,0.092
48.335,0.097
48.340,0.098
48.345,0.098
48.350,0.092
48.355,0.081
48.360,0.070
48.365,0.067
48.370,0.068
48.375,0.054
48.380,0.013
48.385,-0.072
48.390,-0.246
48.395,-0.492
48.400,-0.731
48.405,-0.894
48.410,-0.811
48.415,-0.340
48.420,0.243
48.425,0.534
48.430,0.660
48.435,0.887
48.440,1.047
48.445,0.890
48.450,0.476
48.455,0.148
48.460,0.077
48.465,0.060
48.470,0.001
48.475,0.001
48.480,0.016
48.485,-0.019
48.490,-0.035
48.495,-0.017
48.500,-0.031
48.505,-0.055
48.510,-0.043
48.515,-0.037
48.520,-0.050
48.525,-0.051
48.530,-0.051
48.535,-0.058
48.540,-0.066
48.545,-0.065
48.550,-0.066
48.555,-0.071
48.560,-0.069
48.565,-0.070
48.570,-0.080
48.575,-0.089
48.580,-0.099
48.585,-0.106
48.590,-0.104
48.595,-0.102
48.600,-0.106
48.605,-0.105
48.610,-0.109
48.615,-0.122
48.620,-0.137
48.625,-0.151
48.630,-0.163
48.635,-0.173
48.640,-0.185
48.645,-0.196
48.650,-0.205
48.655,-0.219
48.660,-0.235
48.665,-0.245
48.670,-0.251
48.675,-0.256
48.680,-0.254
48.685,-0.252
48.690,-0.253
48.695,-0.245
48.700,-0.230
48.705,-0.207
48.710,-0.178
48.715,-0.149
48.720,-0.113
48.725,-0.067
48.730,-0.017
48.735,0.033
48.740,0.075
48.745,0.112
48.750,0.146
48.755,0.175
48.760,0.197
48.765,0.215
48.770,0.233
48.775,0.246
48.780,0.252
48.785,0.254
48.790,0.253
48.795,0.248
48.800,0.240
48.805,0.230
48.810,0.218
48.815,0.208
48.820,0.201
48.825,0.194
48.830,0.188
48.835,0.181
48.840,0.172
48.845,0.162
48.850,0.149
48.855,0.140
48.860,0.139
48.865,0.134
48.870,0.120
48.875,0.109
48.880,0.102
48.885,0.098
48.890,0.094
48.895,0.087
48.900,0.079
48.905,0.070
48.910,0.061
48.915,0.054
48.920,0.051
48.925,0.049
48.930,0.050
48.935,0.051
48.940,0.052
48.945,0.050
48.950,0.048
48.955,0.047
48.960,0.047
48.965,0.046
48.970,0.043
48.975,0.038
48.980,0.035
48.985,0.034
48.990,0.032
48.995,0.030
49.000,0.027
49.005,0.023
49.010,0.017
49.015,0.013
49.020,0.010
49.025,0.008
49.030,0.011
49.035,0.015
49.040,0.014
49.045,0.010
49.050,0.009
49.055,0.007
49.060,0.001
49.065,-0.006
49.070,-0.010
49.075,-0.010
49.080,-0.010
49.085,-0.010
49.090,-0.011
49.095,-0.014
49.100,-0.018
49.105,-0.017
49.110,-0.015
49.115,-0.019
49.120,-0.023
49.125,-0.023
49.130,-0.026
49.135,-0.029
49.140,-0.030
49.145,-0.029
49.150,-0.030
49.155,-0.035
49.160,-0.037
49.165,-0.033
49.170,-0.027
49.175,-0.023
49.180,-0.020
49.185,-0.023
49.190,-0.034
49.195,-0.041
49.200,-0.043
49.205,-0.040
49.210,-0.037
49.215,-0.039
49.220,-0.039
49.225,-0.038
49.230,-0.035
49.235,-0.034
49.240,-0.037
49.245,-0.037
49.250,-0.035
49.255,-0.034
49.260,-0.037
49.265,-0.048
49.270,-0.064
49.275,-0.081
49.280,-0.094
49.285,-0.105
49.290,-0.120
49.295,-0.132
49.300,-0.130
49.305,-0.125
49.310,-0.140
49.315,-0.169
49.320,-0.182
49.325,-0.161
49.330,-0.140
49.335,-0.146
49.340,-0.144
49.345,-0.103
49.350,-0.044
49.355,-0.005
49.360,0.013
49.365,0.037
49.370,0.061
49.375,0.068
49.380,0.072
49.385,0.088
49.390,0.107
49.395,0.113
49.400,0.107
49.405,0.102
49.410,0.097
49.415,0.089
49.420,0.083
49.425,0.079
49.430,0.073
49.435,0.054
49.440,0.008
49.445,-0.105
49.450,-0.323
49.455,-0.608
49.460,-0.885
49.465,-1.011
49.470,-0.757
49.475,-0.129
49.480,0.418
49.485,0.653
49.490,0.840
49.495,1.032
49.500,1.027
49.505,0.719
49.510,0.297
49.515,0.089
49.520,0.074
49.525,0.035
49.530,-0.001
49.535,0.016
49.540,0.002
49.545,-0.028
49.550,-0.021
49.555,-0.016
49.560,-0.029
49.565,-0.033
49.570,-0.032
49.575,-0.040
49.580,-0.044
49.585,-0.039
49.590,-0.040
49.595,-0.047
49.600,-0.049
49.605,-0.052
49.610,-0.059
49.615,-0.064
49.620,-0.065
49.625,-0.069
49.630,-0.076
49.635,-0.080
49.640,-0.089
49.645,-0.098
49.650,-0.104
49.655,-0.111
49.660,-0.118
49.665,-0.122
49.670,-0.128
49.675,-0.134
49.680,-0.141
49.685,-0.146
49.690,-0.152
49.695,-0.162
49.700,-0.177
49.705,-0.198
49.710,-0.218
49.715,-0.231
49.720,-0.238
49.725,-0.243
49.730,-0.249
49.735,-0.254
49.740,-0.253
49.745,-0.248
49.750,-0.239
49.755,-0.227
49.760,-0.212
49.765,-0.192
49.770,-0.164
49.775,-0.130
49.780,-0.092
49.785,-0.049
49.790,-0.002
49.795,0.046
49.800,0.091
49.805,0.130
49.810,0.163
49.815,0.191
49.820,0.212
49.825,0.227
49.830,0.235
49.835,0.241
49.840,0.246
49.845,0.249
49.850,0.248
49.855,0.244
49.860,0.240
49.865,0.233
49.870,0.224
49.875,0.211
49.880,0.198
49.885,0.189
49.890,0.182
49.895,0.177
49.900,0.169
49.905,0.158
49.910,0.148
49.915,0.139
49.920,0.133
49.925,0.128
49.930,0.119
49.935,0.109
49.940,0.099
49.945,0.092
49.950,0.085
49.955,0.078
49.960,0.073
49.965,0.067
49.970,0.063
49.975,0.059
49.980,0.054
49.985,0.050
49.990,0.047
49.995,0.045
50.000,0.043
50.005,0.040
50.010,0.039
50.015,0.038
50.020,0.039
50.025,0.043
50.030,0.044
50.035,0.032
50.040,0.021
50.045,0.016
50.050,0.009
50.055,0.010
50.060,0.011
50.065,0.006
50.070,0.012
50.075,0.019
50.080,0.010
50.085,0.001
50.090,-0.004
50.095,-0.008
50.100,-0.004
50.105,-0.009
50.110,-0.014
50.115,-0.008
50.120,-0.010
50.125,-0.017
50.130,-0.018
50.135,-0.018
50.140,-0.021
50.145,-0.021
50.150,-0.025
50.155,-0.032
50.160,-0.032
50.165,-0.031
50.170,-0.030
50.175,-0.031
50.180,-0.034
50.185,-0.032
50.190,-0.032
50.195,-0.035
50.200,-0.034
50.205,-0.032
50.210,-0.040
50.215,-0.048
50.220,-0.048
50.225,-0.044
50.230,-0.041
50.235,-0.043
50.240,-0.043
50.245,-0.042
50.250,-0.041
50.255,-0.041
50.260,-0.040
50.265,-0.040
50.270,-0.040
50.275,-0.040
50.280,-0.042
50.285,-0.040
50.290,-0.040
50.295,-0.041
50.300,-0.040
50.305,-0.043
50.310,-0.045
50.315,-0.043
50.320,-0.042
50.325,-0.042
50.330,-0.040
50.335,-0.046
50.340,-0.058
50.345,-0.071
50.350,-0.083
50.355,-0.090
50.360,-0.102
50.365,-0.121
50.370,-0.132
50.375,-0.128
50.380,-0.135
50.385,-0.163
50.390,-0.183
50.395,-0.167
50.400,-0.139
50.405,-0.143
50.410,-0.156
50.415,-0.132
50.420,-0.070
50.425,-0.016
50.430,0.012
50.435,0.038
50.440,0.071
50.445,0.089
50.450,0.096
50.455,0.106
50.460,0.117
50.465,0.122
50.470,0.116
50.475,0.108
50.480,0.104
50.485,0.101
50.490,0.096
50.495,0.092
50.500,0.086
50.505,0.068
50.510,0.034
50.515,-0.048
50.520,-0.225
50.525,-0.485
50.530,-0.754
50.535,-0.929
50.540,-0.810
50.545,-0.291
50.550,0.287
50.555,0.578
50.560,0.759
50.565,0.980
50.570,1.062
50.575,0.838
50.580,0.408
50.585,0.117
50.590,0.075
50.595,0.056
50.600,0.011
50.605,0.019
50.610,0.025
50.615,-0.003
50.620,-0.011
50.625,-0.008
50.630,-0.023
50.635,-0.031
50.640,-0.025
50.645,-0.028
50.650,-0.036
50.655,-0.036
50.660,-0.036
50.665,-0.043
50.670,-0.043
50.675,-0.043
50.680,-0.052
50.685,-0.058
50.690,-0.057
50.695,-0.059
50.700,-0.063
50.705,-0.065
50.710,-0.070
50.715,-0.078
50.720,-0.090
50.725,-0.102
50.730,-0.109
50.735,-0.113
50.740,-0.118
50.745,-0.128
50.750,-0.137
50.755,-0.146
50.760,-0.154
50.765,-0.164
50.770,-0.179
50.775,-0.192
50.780,-0.198
50.785,-0.207
50.790,-0.218
50.795,-0.228
50.800,-0.241
50.805,-0.252
50.810,-0.256
50.815,-0.251
50.820,-0.242
50.825,-0.233
50.830,-0.224
50.835,-0.204
50.840,-0.175
50.845,-0.144
50.850,-0.109
50.855,-0.068
50.860,-0.025
50.865,0.016
50.870,0.058
50.875,0.100
50.880,0.142
50.885,0.178
50.890,0.199
50.895,0.212
50.900,0.220
50.905,0.222
50.910,0.227
50.915,0.235
50.920,0.239
50.925,0.237
50.930,0.230
50.935,0.226
50.940,0.221
50.945,0.211
50.950,0.197
50.955,0.193
50.960,0.193
50.965,0.185
50.970,0.175
50.975,0.160
50.980,0.148
50.985,0.142
50.990,0.136
50.995,0.127
51.000,0.120
51.005,0.116
51.010,0.107
51.015,0.097
51.020,0.088
51.025,0.080
51.030,0.073
51.035,0.076
51.040,0.079
51.045,0.072
51.050,0.063
51.055,0.056
51.060,0.056
51.065,0.053
51.070,0.044
51.075,0.045
51.080,0.045
51.085,0.035
51.090,0.028
51.095,0.032
51.100,0.037
51.105,0.033
51.110,0.028
51.115,0.025
51.120,0.022
51.125,0.022
51.130,0.020
51.135,0.015
51.140,0.009
51.145,0.004
51.150,0.004
51.155,0.007
51.160,0.005
51.165,-0.002
51.170,-0.007
51.175,-0.005
51.180,-0.001
51.185,-0.001
51.190,-0.007
51.195,-0.014
51.200,-0.015
51.205,-0.012
51.210,-0.010
51.215,-0.013
51.220,-0.020
51.225,-0.027
51.230,-0.026
51.235,-0.022
51.240,-0.023
51.245,-0.024
51.250,-0.029
51.255,-0.040
51.260,-0.043
51.265,-0.042
51.270,-0.040
51.275,-0.032
51.280,-0.034
51.285,-0.040
51.290,-0.039
51.295,-0.041
51.300,-0.039
51.305,-0.031
51.310,-0.026
51.315,-0.025
51.320,-0.026
51.325,-0.034
51.330,-0.047
51.335,-0.050
51.340,-0.046
51.345,-0.050
51.350,-0.056
51.355,-0.070
51.360,-0.082
51.365,-0.088
51.370,-0.096
51.375,-0.105
51.380,-0.117
51.385,-0.125
51.390,-0.130
51.395,-0.146
51.400,-0.159
51.405,-0.171
51.410,-0.176
51.415,-0.170
51.420,-0.182
51.425,-0.184
51.430,-0.143
51.435,-0.085
51.440,-0.037
51.445,-0.012
51.450,0.015
51.455,0.052
51.460,0.074
51.465,0.082
51.470,0.092
51.475,0.112
51.480,0.122
51.485,0.113
51.490,0.101
51.495,0.097
51.500,0.089
51.505,0.076
51.510,0.070
51.515,0.062
51.520,0.045
51.525,0.005
51.530,-0.074
51.535,-0.223
51.540,-0.431
51.545,-0.621
51.550,-0.748
51.555,-0.691
51.560,-0.305
51.565,0.208
51.570,0.469
51.575,0.553
51.580,0.776
51.585,1.001
51.590,0.909
51.595,0.525
51.600,0.183
51.605,0.088
51.610,0.069
51.615,-0.003
51.620,-0.021
51.625,0.005
51.630,-0.028
51.635,-0.062
51.640,-0.042
51.645,-0.033
51.650,-0.046
51.655,-0.036
51.660,-0.027
51.665,-0.046
51.670,-0.051
51.675,-0.045
51.680,-0.052
51.685,-0.060
51.690,-0.068
51.695,-0.079
51.700,-0.080
51.705,-0.078
51.710,-0.079
51.715,-0.085
51.720,-0.090
51.725,-0.086
51.730,-0.090
51.735,-0.100
51.740,-0.108
51.745,-0.122
51.750,-0.132
51.755,-0.130
51.760,-0.130
51.765,-0.137
51.770,-0.144
51.775,-0.154
51.780,-0.164
51.785,-0.182
51.790,-0.202
51.795,-0.207
51.800,-0.211
51.805,-0.220
51.810,-0.223
51.815,-0.230
51.820,-0.241
51.825,-0.245
51.830,-0.247
51.835,-0.249
51.840,-0.244
51.845,-0.230
51.850,-0.216
51.855,-0.192
51.860,-0.158
51.865,-0.122
51.870,-0.075
51.875,-0.029
51.880,0.017
51.885,0.064
51.890,0.102
51.895,0.142
51.900,0.181
51.905,0.203
51.910,0.212
51.915,0.222
51.920,0.234
51.925,0.245
51.930,0.247
51.935,0.242
51.940,0.232
51.945,0.222
51.950,0.220
51.955,0.221
51.960,0.214
51.965,0.199
51.970,0.183
51.975,0.168
51.980,0.163
51.985,0.167
51.990,0.166
51.995,0.153
52.000,0.139
52.005,0.142
52.010,0.145
52.015,0.132
52.020,0.119
52.025,0.114
52.030,0.106
52.035,0.094
52.040,0.078
52.045,0.066
52.050,0.064
52.055,0.059
52.060,0.056
52.065,0.064
52.070,0.070
52.075,0.068
52.080,0.060
52.085,0.054
52.090,0.049
52.095,0.043
52.100,0.040
52.105,0.040
52.110,0.037
52.115,0.034
52.120,0.035
52.125,0.038
52.130,0.046
52.135,0.043
52.140,0.028
52.145,0.020
52.150,0.012
52.155,0.003
52.160,0.002
52.165,0.003
52.170,0.008
52.175,0.016
52.180,0.017
52.185,0.021
52.190,0.022
52.195,0.012
52.200,0.001
52.205,-0.019
52.210,-0.030
52.215,-0.015
52.220,0.003
52.225,0.011
52.230,0.003
52.235,-0.014
52.240,-0.021
52.245,-0.012
52.250,-0.001
52.255,-0.005
52.260,-0.021
52.265,-0.043
52.270,-0.048
52.275,-0.032
52.280,-0.020
52.285,-0.019
52.290,-0.024
52.295,-0.029
52.300,-0.023
52.305,-0.021
52.310,-0.029
52.315,-0.034
52.320,-0.034
52.325,-0.039
52.330,-0.051
52.335,-0.056
52.340,-0.046
52.345,-0.035
52.350,-0.029
52.355,-0.020
52.360,-0.013
52.365,-0.017
52.370,-0.036
52.375,-0.054
52.380,-0.056
52.385,-0.056
52.390,-0.067
52.395,-0.073
52.400,-0.067
52.405,-0.059
52.410,-0.070
52.415,-0.105
52.420,-0.136
52.425,-0.136
52.430,-0.125
52.435,-0.152
52.440,-0.189
52.445,-0.191
52.450,-0.170
52.455,-0.147
52.460,-0.144
52.465,-0.134
52.470,-0.084
52.475,-0.034
52.480,-0.020
52.485,-0.012
52.490,0.015
52.495,0.048
52.500,0.065
52.505,0.067
52.510,0.074
52.515,0.104
52.520,0.123
52.525,0.117
52.530,0.112
52.535,0.105
52.540,0.086
52.545,0.071
52.550,0.065
52.555,0.063
52.560,0.044
52.565,-0.015
52.570,-0.127
52.575,-0.303
52.580,-0.535
52.585,-0.762
52.590,-0.874
52.595,-0.694
52.600,-0.145
52.605,0.387
52.610,0.566
52.615,0.684
52.620,0.937
52.625,1.058
52.630,0.840
52.635,0.422
52.640,0.145
52.645,0.079
52.650,0.026
52.655,-0.037
52.660,-0.015
52.665,0.017
52.670,-0.018
52.675,-0.025
52.680,-0.003
52.685,-0.029
52.690,-0.057
52.695,-0.043
52.700,-0.043
52.705,-0.065
52.710,-0.072
52.715,-0.075
52.720,-0.079
52.725,-0.072
52.730,-0.067
52.735,-0.075
52.740,-0.073
52.745,-0.064
52.750,-0.068
52.755,-0.075
52.760,-0.078
52.765,-0.087
52.770,-0.100
52.775,-0.111
52.780,-0.120
52.785,-0.121
52.790,-0.117
52.795,-0.123
52.800,-0.132
52.805,-0.139
52.810,-0.142
52.815,-0.152
52.820,-0.172
52.825,-0.180
52.830,-0.187
52.835,-0.207
52.840,-0.219
52.845,-0.229
52.850,-0.240
52.855,-0.247
52.860,-0.259
52.865,-0.276
52.870,-0.274
52.875,-0.259
52.880,-0.243
52.885,-0.218
52.890,-0.202
52.895,-0.180
52.900,-0.133
52.905,-0.082
52.910,-0.041
52.915,-0.003
52.920,0.045
52.925,0.095
52.930,0.133
52.935,0.162
52.940,0.186
52.945,0.213
52.950,0.228
52.955,0.223
52.960,0.220
52.965,0.236
52.970,0.257
52.975,0.266
52.980,0.259
52.985,0.246
52.990,0.245
52.995,0.237
53.000,0.210
53.005,0.189
53.010,0.182
53.015,0.186
53.020,0.186
53.025,0.171
53.030,0.162
53.035,0.159
53.040,0.146
53.045,0.135
53.050,0.126
53.055,0.109
53.060,0.099
53.065,0.104
53.070,0.106
53.075,0.097
53.080,0.083
53.085,0.073
53.090,0.069
53.095,0.062
53.100,0.053
53.105,0.046
53.110,0.041
53.115,0.034
53.120,0.041
53.125,0.054
53.130,0.054
53.135,0.047
53.140,0.042
53.145,0.035
53.150,0.026
53.155,0.025
53.160,0.032
53.165,0.032
53.170,0.027
53.175,0.022
53.180,0.025
53.185,0.026
53.190,0.020
53.195,0.021
53.200,0.027
53.205,0.023
53.210,0.004
53.215,-0.010
53.220,-0.007
53.225,0.003
53.230,0.010
53.235,0.004
53.240,-0.014
53.245,-0.028
53.250,-0.036
53.255,-0.026
53.260,-0.012
53.265,-0.008
53.270,0.003
53.275,0.005
53.280,-0.019
53.285,-0.043
53.290,-0.041
53.295,-0.022
53.300,-0.018
53.305,-0.032
53.310,-0.039
53.315,-0.029
53.320,-0.023
53.325,-0.027
53.330,-0.031
53.335,-0.031
53.340,-0.026
53.345,-0.030
53.350,-0.045
53.355,-0.050
53.360,-0.043
53.365,-0.034
53.370,-0.034
53.375,-0.042
53.380,-0.047
53.385,-0.044
53.390,-0.048
53.395,-0.048
53.400,-0.031
53.405,-0.019
53.410,-0.019
53.415,-0.035
53.420,-0.059
53.425,-0.077
53.430,-0.088
53.435,-0.084
53.440,-0.098
53.445,-0.121
53.450,-0.122
53.455,-0.120
53.460,-0.131
53.465,-0.156
53.470,-0.182
53.475,-0.177
53.480,-0.149
53.485,-0.148
53.490,-0.161
53.495,-0.133
53.500,-0.078
53.505,-0.029
53.510,0.004
53.515,0.023
53.520,0.046
53.525,0.074
53.530,0.082
53.535,0.084
53.540,0.090
53.545,0.095
53.550,0.103
53.555,0.106
53.560,0.100
53.565,0.093
53.570,0.086
53.575,0.086
53.580,0.078
53.585,0.064
53.590,0.037
53.595,-0.028
53.600,-0.163
53.605,-0.391
53.610,-0.655
53.615,-0.893
53.620,-0.962
53.625,-0.629
53.630,0.024
53.635,0.505
53.640,0.660
53.645,0.846
53.650,1.087
53.655,1.084
53.660,0.739
53.665,0.317
53.670,0.128
53.675,0.080
53.680,0.000
53.685,-0.034
53.690,0.007
53.695,0.000
53.700,-0.039
53.705,-0.024
53.710,-0.011
53.715,-0.046
53.720,-0.072
53.725,-0.068
53.730,-0.064
53.735,-0.056
53.740,-0.047
53.745,-0.060
53.750,-0.072
53.755,-0.064
53.760,-0.056
53.765,-0.070
53.770,-0.090
53.775,-0.091
53.780,-0.088
53.785,-0.088
53.790,-0.085
53.795,-0.094
53.800,-0.114
53.805,-0.118
53.810,-0.112
53.815,-0.106
53.820,-0.105
53.825,-0.128
53.830,-0.152
53.835,-0.154
53.840,-0.167
53.845,-0.185
53.850,-0.192
53.855,-0.206
53.860,-0.224
53.865,-0.229
53.870,-0.230
53.875,-0.236
53.880,-0.255
53.885,-0.282
53.890,-0.290
53.895,-0.279
53.900,-0.261
53.905,-0.241
53.910,-0.226
53.915,-0.219
53.920,-0.202
53.925,-0.170
53.930,-0.132
53.935,-0.088
53.940,-0.040
53.945,0.008
53.950,0.056
53.955,0.098
53.960,0.145
53.965,0.189
53.970,0.210
53.975,0.222
53.980,0.229
53.985,0.234
53.990,0.246
53.995,0.260
54.000,0.258
54.005,0.247
54.010,0.238
54.015,0.239
54.020,0.244
54.025,0.239
54.030,0.226
54.035,0.217
54.040,0.207
54.045,0.197
54.050,0.184
54.055,0.166
54.060,0.153
54.065,0.145
54.070,0.137
54.075,0.133
54.080,0.133
54.085,0.137
54.090,0.130
54.095,0.114
54.100,0.102
54.105,0.089
54.110,0.071
54.115,0.055
54.120,0.046
54.125,0.048
54.130,0.060
54.135,0.073
54.140,0.071
54.145,0.058
54.150,0.046
54.155,0.038
54.160,0.037
54.165,0.034
54.170,0.029
54.175,0.033
54.180,0.033
54.185,0.029
54.190,0.026
54.195,0.021
54.200,0.025
54.205,0.031
54.210,0.028
54.215,0.022
54.220,0.017
54.225,0.016
54.230,0.015
54.235,0.014
54.240,0.016
54.245,0.009
54.250,-0.010
54.255,-0.019
54.260,-0.006
54.265,0.007
54.270,0.004
54.275,-0.010
54.280,-0.011
54.285,-0.004
54.290,-0.012
54.295,-0.027
54.300,-0.026
54.305,-0.012
54.310,-0.004
54.315,-0.013
54.320,-0.028
54.325,-0.030
54.330,-0.023
54.335,-0.026
54.340,-0.038
54.345,-0.041
54.350,-0.033
54.355,-0.026
54.360,-0.028
54.365,-0.032
54.370,-0.035
54.375,-0.035
54.380,-0.037
54.385,-0.036
54.390,-0.031
54.395,-0.029
54.400,-0.034
54.405,-0.042
54.410,-0.046
54.415,-0.047
54.420,-0.050
54.425,-0.046
54.430,-0.039
54.435,-0.033
54.440,-0.037
54.445,-0.042
54.450,-0.038
54.455,-0.032
54.460,-0.027
54.465,-0.036
54.470,-0.043
54.475,-0.038
54.480,-0.042
54.485,-0.058
54.490,-0.075
54.495,-0.092
54.500,-0.103
54.505,-0.112
54.510,-0.121
54.515,-0.123
54.520,-0.120
54.525,-0.129
54.530,-0.157
54.535,-0.177
54.540,-0.170
54.545,-0.156
54.550,-0.154
54.555,-0.149
54.560,-0.114
54.565,-0.063
54.570,-0.024
54.575,0.000
54.580,0.024
54.585,0.055
54.590,0.072
54.595,0.073
54.600,0.077
54.605,0.088
54.610,0.096
54.615,0.106
54.620,0.114
54.625,0.110
54.630,0.101
54.635,0.091
54.640,0.081
54.645,0.071
54.650,0.055
54.655,0.021
54.660,-0.043
54.665,-0.194
54.670,-0.442
54.675,-0.709
54.680,-0.928
54.685,-0.915
54.690,-0.478
54.695,0.158
54.700,0.543
54.705,0.711
54.710,0.939
54.715,1.110
54.720,0.981
54.725,0.564
54.730,0.191
54.735,0.087
54.740,0.069
54.745,0.009
54.750,-0.003
54.755,0.016
54.760,-0.011
54.765,-0.026
54.770,-0.004
54.775,-0.007
54.780,-0.026
54.785,-0.031
54.790,-0.041
54.795,-0.056
54.800,-0.056
54.805,-0.055
54.810,-0.061
54.815,-0.062
54.820,-0.060
54.825,-0.066
54.830,-0.073
54.835,-0.072
54.840,-0.069
54.845,-0.073
54.850,-0.079
54.855,-0.083
54.860,-0.086
54.865,-0.089
54.870,-0.096
54.875,-0.104
54.880,-0.111
54.885,-0.118
54.890,-0.128
54.895,-0.141
54.900,-0.151
54.905,-0.161
54.910,-0.173
54.915,-0.182
54.920,-0.185
54.925,-0.192
54.930,-0.209
54.935,-0.227
54.940,-0.238
54.945,-0.246
54.950,-0.249
54.955,-0.251
54.960,-0.254
54.965,-0.257
54.970,-0.255
54.975,-0.240
54.980,-0.215
54.985,-0.185
54.990,-0.153
54.995,-0.119
55.000,-0.082
55.005,-0.038
55.010,0.009
55.015,0.058
55.020,0.102
55.025,0.140
55.030,0.171
55.035,0.196
55.040,0.214
55.045,0.228
55.050,0.241
55.055,0.246
55.060,0.243
55.065,0.239
55.070,0.237
55.075,0.238
55.080,0.238
55.085,0.231
55.090,0.222
55.095,0.213
55.100,0.202
55.105,0.194
55.110,0.189
55.115,0.182
55.120,0.172
55.125,0.159
55.130,0.147
55.135,0.136
55.140,0.131
55.145,0.125
55.150,0.117
55.155,0.105
55.160,0.094
55.165,0.090
55.170,0.086
55.175,0.079
55.180,0.072
55.185,0.067
55.190,0.062
55.195,0.056
55.200,0.054
55.205,0.053
55.210,0.053
55.215,0.051
55.220,0.048
55.225,0.046
55.230,0.042
55.235,0.037
55.240,0.033
55.245,0.031
55.250,0.030
55.255,0.031
55.260,0.032
55.265,0.034
55.270,0.030
55.275,0.023
55.280,0.016
55.285,0.010
55.290,0.009
55.295,0.010
55.300,0.013
55.305,0.017
55.310,0.016
55.315,0.015
55.320,0.009
55.325,0.002
55.330,-0.002
55.335,-0.005
55.340,-0.010
55.345,-0.015
55.350,-0.017
55.355,-0.013
55.360,-0.010
55.365,-0.012
55.370,-0.015
55.375,-0.014
55.380,-0.010
55.385,-0.010
55.390,-0.019
55.395,-0.028
55.400,-0.033
55.405,-0.032
55.410,-0.032
55.415,-0.035
55.420,-0.037
55.425,-0.033
55.430,-0.030
55.435,-0.032
55.440,-0.033
55.445,-0.036
55.450,-0.039
55.455,-0.038
55.460,-0.034
55.465,-0.028
55.470,-0.029
55.475,-0.035
55.480,-0.036
55.485,-0.037
55.490,-0.037
55.495,-0.039
55.500,-0.040
55.505,-0.037
55.510,-0.035
55.515,-0.034
55.520,-0.036
55.525,-0.042
55.530,-0.044
55.535,-0.045
55.540,-0.047
55.545,-0.044
55.550,-0.037
55.555,-0.030
55.560,-0.029
55.565,-0.032
55.570,-0.038
55.575,-0.050
55.580,-0.065
55.585,-0.078
55.590,-0.089
55.595,-0.102
55.600,-0.117
55.605,-0.123
55.610,-0.119
55.615,-0.132
55.620,-0.167
55.625,-0.190
55.630,-0.178
55.635,-0.149
55.640,-0.145
55.645,-0.155
55.650,-0.130
55.655,-0.072
55.660,-0.019
55.665,0.008
55.670,0.028
55.675,0.056
55.680,0.076
55.685,0.084
55.690,0.094
55.695,0.108
55.700,0.115
55.705,0.112
55.710,0.107
55.715,0.105
55.720,0.099
55.725,0.092
55.730,0.087
55.735,0.082
55.740,0.070
55.745,0.037
55.750,-0.038
55.755,-0.207
55.760,-0.475
55.765,-0.761
55.770,-0.975
55.775,-0.913
55.780,-0.423
55.785,0.198
55.790,0.555
55.795,0.752
55.800,0.990
55.805,1.110
55.810,0.920
55.815,0.488
55.820,0.152
55.825,0.079
55.830,0.058
55.835,0.006
55.840,0.010
55.845,0.024
55.850,-0.001
55.855,-0.012
55.860,-0.003
55.865,-0.018
55.870,-0.035
55.875,-0.027
55.880,-0.026
55.885,-0.036
55.890,-0.038
55.895,-0.040
55.900,-0.050
55.905,-0.052
55.910,-0.051
55.915,-0.055
55.920,-0.060
55.925,-0.060
55.930,-0.058
55.935,-0.061
55.940,-0.068
55.945,-0.078
55.950,-0.090
55.955,-0.098
55.960,-0.106
55.965,-0.110
55.970,-0.114
55.975,-0.122
55.980,-0.130
55.985,-0.142
55.990,-0.153
55.995,-0.161
56.000,-0.172
56.005,-0.183
56.010,-0.189
56.015,-0.198
56.020,-0.211
56.025,-0.226
56.030,-0.240
56.035,-0.246
56.040,-0.250
56.045,-0.257
56.050,-0.261
56.055,-0.258
56.060,-0.248
56.065,-0.232
56.070,-0.212
56.075,-0.190
56.080,-0.160
56.085,-0.119
56.090,-0.076
56.095,-0.032
56.100,0.015
56.105,0.057
56.110,0.096
56.115,0.135
56.120,0.169
56.125,0.195
56.130,0.215
56.135,0.228
56.140,0.238
56.145,0.243
56.150,0.241
56.155,0.239
56.160,0.236
56.165,0.236
56.170,0.236
56.175,0.230
56.180,0.216
56.185,0.204
56.190,0.198
56.195,0.195
56.200,0.188
56.205,0.176
56.210,0.164
56.215,0.154
56.220,0.146
56.225,0.139
56.230,0.131
56.235,0.122
56.240,0.112
56.245,0.107
56.250,0.106
56.255,0.102
56.260,0.094
56.265,0.087
56.270,0.082
56.275,0.076
56.280,0.068
56.285,0.058
56.290,0.053
56.295,0.049
56.300,0.048
56.305,0.049
56.310,0.048
56.315,0.048
56.320,0.046
56.325,0.040
56.330,0.035
56.335,0.030
56.340,0.031
56.345,0.035
56.350,0.032
56.355,0.027
56.360,0.023
56.365,0.021
56.370,0.021
56.375,0.023
56.380,0.020
56.385,0.013
56.390,0.010
56.395,0.014
56.400,0.016
56.405,0.011
56.410,0.002
56.415,-0.005
56.420,-0.006
56.425,-0.007
56.430,-0.008
56.435,-0.006
56.440,-0.006
56.445,-0.007
56.450,-0.010
56.455,-0.015
56.460,-0.022
56.465,-0.028
56.470,-0.030
56.475,-0.032
56.480,-0.034
56.485,-0.033
56.490,-0.024
56.495,-0.017
56.500,-0.018
56.505,-0.021
56.510,-0.024
56.515,-0.024
56.520,-0.030
56.525,-0.038
56.530,-0.044
56.535,-0.048
56.540,-0.047
56.545,-0.036
56.550,-0.030
56.555,-0.035
56.560,-0.038
56.565,-0.033
56.570,-0.030
56.575,-0.039
56.580,-0.048
56.585,-0.051
56.590,-0.048
56.595,-0.038
56.600,-0.030
56.605,-0.027
56.610,-0.034
56.615,-0.041
56.620,-0.042
56.625,-0.045
56.630,-0.062
56.635,-0.084
56.640,-0.095
56.645,-0.102
56.650,-0.118
56.655,-0.134
56.660,-0.136
56.665,-0.127
56.670,-0.137
56.675,-0.170
56.680,-0.188
56.685,-0.173
56.690,-0.150
56.695,-0.154
56.700,-0.163
56.705,-0.133
56.710,-0.069
56.715,-0.015
56.720,0.004
56.725,0.017
56.730,0.047
56.735,0.071
56.740,0.080
56.745,0.086
56.750,0.097
56.755,0.110
56.760,0.109
56.765,0.102
56.770,0.104
56.775,0.106
56.780,0.095
56.785,0.081
56.790,0.075
56.795,0.064
56.800,0.027
56.805,-0.053
56.810,-0.211
56.815,-0.439
56.820,-0.671
56.825,-0.846
56.830,-0.793
56.835,-0.363
56.840,0.195
56.845,0.494
56.850,0.645
56.855,0.907
56.860,1.088
56.865,0.934
56.870,0.513
56.875,0.166
56.880,0.082
56.885,0.060
56.890,-0.009
56.895,-0.016
56.900,0.011
56.905,-0.011
56.910,-0.031
56.915,-0.023
56.920,-0.030
56.925,-0.042
56.930,-0.041
56.935,-0.049
56.940,-0.063
56.945,-0.055
56.950,-0.044
56.955,-0.052
56.960,-0.062
56.965,-0.061
56.970,-0.065
56.975,-0.076
56.980,-0.076
56.985,-0.075
56.990,-0.081
56.995,-0.085
57.000,-0.091
57.005,-0.099
57.010,-0.104
57.015,-0.105
57.020,-0.103
57.025,-0.106
57.030,-0.117
57.035,-0.135
57.040,-0.147
57.045,-0.151
57.050,-0.156
57.055,-0.164
57.060,-0.174
57.065,-0.182
57.070,-0.188
57.075,-0.201
57.080,-0.219
57.085,-0.240
57.090,-0.254
57.095,-0.254
57.100,-0.251
57.105,-0.251
57.110,-0.241
57.115,-0.225
57.120,-0.211
57.125,-0.199
57.130,-0.189
57.135,-0.168
57.140,-0.131
57.145,-0.091
57.150,-0.044
57.155,0.010
57.160,0.058
57.165,0.098
57.170,0.130
57.175,0.156
57.180,0.179
57.185,0.195
57.190,0.207
57.195,0.216
57.200,0.224
57.205,0.238
57.210,0.243
57.215,0.237
57.220,0.231
57.225,0.224
57.230,0.224
57.235,0.219
57.240,0.204
57.245,0.194
57.250,0.183
57.255,0.166
57.260,0.153
57.265,0.151
57.270,0.150
57.275,0.145
57.280,0.138
57.285,0.128
57.290,0.122
57.295,0.114
57.300,0.101
57.305,0.097
57.310,0.095
57.315,0.090
57.320,0.090
57.325,0.085
57.330,0.074
57.335,0.066
57.340,0.061
57.345,0.058
57.350,0.049
57.355,0.037
57.360,0.038
57.365,0.048
57.370,0.054
57.375,0.054
57.380,0.050
57.385,0.043
57.390,0.033
57.395,0.030
57.400,0.036
57.405,0.032
57.410,0.022
57.415,0.026
57.420,0.029
57.425,0.025
57.430,0.026
57.435,0.026
57.440,0.027
57.445,0.027
57.450,0.018
57.455,0.011
57.460,0.008
57.465,-0.001
57.470,-0.008
57.475,-0.004
57.480,0.001
57.485,-0.006
57.490,-0.013
57.495,-0.016
57.500,-0.018
57.505,-0.016
57.510,-0.017
57.515,-0.024
57.520,-0.023
57.525,-0.016
57.530,-0.012
57.535,-0.010
57.540,-0.017
57.545,-0.023
57.550,-0.023
57.555,-0.025
57.560,-0.034
57.565,-0.044
57.570,-0.041
57.575,-0.036
57.580,-0.025
57.585,-0.009
57.590,-0.015
57.595,-0.032
57.600,-0.037
57.605,-0.035
57.610,-0.031
57.615,-0.032
57.620,-0.038
57.625,-0.046
57.630,-0.052
57.635,-0.057
57.640,-0.055
57.645,-0.058
57.650,-0.073
57.655,-0.078
57.660,-0.081
57.665,-0.099
57.670,-0.111
57.675,-0.118
57.680,-0.119
57.685,-0.133
57.690,-0.169
57.695,-0.193
57.700,-0.189
57.705,-0.178
57.710,-0.175
57.715,-0.168
57.720,-0.135
57.725,-0.076
57.730,-0.025
57.735,0.001
57.740,0.030
57.745,0.058
57.750,0.071
57.755,0.078
57.760,0.084
57.765,0.092
57.770,0.104
57.775,0.106
57.780,0.100
57.785,0.095
57.790,0.091
57.795,0.083
57.800,0.069
57.805,0.057
57.810,0.049
57.815,0.012
57.820,-0.063
57.825,-0.198
57.830,-0.402
57.835,-0.607
57.840,-0.769
57.845,-0.752
57.850,-0.389
57.855,0.159
57.860,0.479
57.865,0.569
57.870,0.767
57.875,1.003
57.880,0.958
57.885,0.591
57.890,0.210
57.895,0.086
57.900,0.084
57.905,0.021
57.910,-0.022
57.915,-0.004
57.920,-0.020
57.925,-0.048
57.930,-0.031
57.935,-0.030
57.940,-0.053
57.945,-0.048
57.950,-0.044
57.955,-0.059
57.960,-0.058
57.965,-0.054
57.970,-0.068
57.975,-0.086
57.980,-0.087
57.985,-0.074
57.990,-0.075
57.995,-0.085
58.000,-0.087
58.005,-0.087
58.010,-0.085
58.015,-0.085
58.020,-0.097
58.025,-0.115
58.030,-0.115
58.035,-0.095
58.040,-0.093
58.045,-0.110
58.050,-0.129
58.055,-0.146
58.060,-0.151
58.065,-0.152
58.070,-0.168
58.075,-0.179
58.080,-0.185
58.085,-0.200
58.090,-0.208
58.095,-0.214
58.100,-0.232
58.105,-0.243
58.110,-0.247
58.115,-0.250
58.120,-0.251
58.125,-0.248
58.130,-0.236
58.135,-0.220
58.140,-0.208
58.145,-0.201
58.150,-0.187
58.155,-0.147
58.160,-0.085
58.165,-0.026
58.170,0.021
58.175,0.061
58.180,0.095
58.185,0.133
58.190,0.176
58.195,0.198
58.200,0.210
58.205,0.220
58.210,0.209
58.215,0.197
58.220,0.215
58.225,0.246
58.230,0.257
58.235,0.244
58.240,0.222
58.245,0.215
58.250,0.215
58.255,0.192
58.260,0.174
58.265,0.182
58.270,0.187
58.275,0.177
58.280,0.158
58.285,0.144
58.290,0.145
58.295,0.141
58.300,0.133
58.305,0.126
58.310,0.114
58.315,0.100
58.320,0.089
58.325,0.081
58.330,0.087
58.335,0.096
58.340,0.086
58.345,0.071
58.350,0.067
58.355,0.065
58.360,0.065
58.365,0.060
58.370,0.047
58.375,0.045
58.380,0.060
58.385,0.068
58.390,0.060
58.395,0.047
58.400,0.038
58.405,0.035
58.410,0.028
58.415,0.016
58.420,0.020
58.425,0.038
58.430,0.046
58.435,0.046
58.440,0.042
58.445,0.024
58.450,0.005
58.455,0.003
58.460,0.009
58.465,0.006
58.470,0.007
58.475,0.006
58.480,0.008
58.485,0.016
58.490,0.009
58.495,0.001
58.500,-0.005
58.505,-0.017
58.510,-0.025
58.515,-0.025
58.520,-0.018
58.525,-0.011
58.530,-0.011
58.535,-0.010
58.540,-0.005
58.545,0.001
58.550,-0.012
58.555,-0.033
58.560,-0.040
58.565,-0.041
58.570,-0.041
58.575,-0.033
58.580,-0.029
58.585,-0.026
58.590,-0.013
58.595,-0.008
58.600,-0.021
58.605,-0.042
58.610,-0.053
58.615,-0.045
58.620,-0.040
58.625,-0.048
58.630,-0.047
58.635,-0.037
58.640,-0.025
58.645,-0.016
58.650,-0.035
58.655,-0.053
58.660,-0.047
58.665,-0.033
58.670,-0.029
58.675,-0.039
58.680,-0.047
58.685,-0.042
58.690,-0.030
58.695,-0.026
58.700,-0.035
58.705,-0.049
58.710,-0.066
58.715,-0.083
58.720,-0.099
58.725,-0.114
58.730,-0.122
58.735,-0.117
58.740,-0.101
58.745,-0.110
58.750,-0.147
58.755,-0.178
58.760,-0.192
58.765,-0.176
58.770,-0.166
58.775,-0.164
58.780,-0.120
58.785,-0.056
58.790,-0.010
58.795,0.009
58.800,0.016
58.805,0.039
58.810,0.070
58.815,0.083
58.820,0.089
58.825,0.111
58.830,0.121
58.835,0.109
58.840,0.097
58.845,0.078
58.850,0.077
58.855,0.089
58.860,0.079
58.865,0.073
58.870,0.072
58.875,0.033
58.880,-0.043
58.885,-0.185
58.890,-0.415
58.895,-0.655
58.900,-0.862
58.905,-0.885
58.910,-0.502
58.915,0.127
58.920,0.524
58.925,0.654
58.930,0.861
58.935,1.073
58.940,1.006
58.945,0.637
58.950,0.246
58.955,0.099
58.960,0.081
58.965,0.010
58.970,-0.025
58.975,0.011
58.980,-0.006
58.985,-0.042
58.990,-0.031
58.995,-0.037
59.000,-0.056
59.005,-0.042
59.010,-0.035
59.015,-0.055
59.020,-0.058
59.025,-0.045
59.030,-0.046
59.035,-0.052
59.040,-0.065
59.045,-0.082
59.050,-0.089
59.055,-0.092
59.060,-0.082
59.065,-0.065
59.070,-0.062
59.075,-0.071
59.080,-0.092
59.085,-0.110
59.090,-0.118
59.095,-0.129
59.100,-0.131
59.105,-0.125
59.110,-0.119
59.115,-0.116
59.120,-0.132
59.125,-0.152
59.130,-0.167
59.135,-0.184
59.140,-0.197
59.145,-0.215
59.150,-0.224
59.155,-0.223
59.160,-0.235
59.165,-0.249
59.170,-0.250
59.175,-0.243
59.180,-0.240
59.185,-0.249
59.190,-0.261
59.195,-0.254
59.200,-0.225
59.205,-0.192
59.210,-0.162
59.215,-0.122
59.220,-0.067
59.225,-0.020
59.230,0.012
59.235,0.047
59.240,0.091
59.245,0.131
59.250,0.168
59.255,0.195
59.260,0.212
59.265,0.227
59.270,0.233
59.275,0.236
59.280,0.246
59.285,0.247
59.290,0.241
59.295,0.239
59.300,0.230
59.305,0.230
59.310,0.238
59.315,0.227
59.320,0.211
59.325,0.203
59.330,0.191
59.335,0.181
59.340,0.169
59.345,0.156
59.350,0.140
59.355,0.122
59.360,0.117
59.365,0.121
59.370,0.117
59.375,0.105
59.380,0.092
59.385,0.080
59.390,0.079
59.395,0.086
59.400,0.084
59.405,0.077
59.410,0.071
59.415,0.063
59.420,0.057
59.425,0.048
59.430,0.038
59.435,0.037
59.440,0.037
59.445,0.034
59.450,0.035
59.455,0.036
59.460,0.037
59.465,0.045
59.470,0.056
59.475,0.053
59.480,0.035
59.485,0.016
59.490,0.006
59.495,0.004
59.500,0.005
59.505,0.009
59.510,0.014
59.515,0.022
59.520,0.029
59.525,0.021
59.530,0.011
59.535,0.012
59.540,0.011
59.545,0.003
59.550,-0.004
59.555,-0.011
59.560,-0.011
59.565,-0.004
59.570,-0.009
59.575,-0.020
59.580,-0.019
59.585,-0.014
59.590,-0.002
59.595,0.005
59.600,-0.009
59.605,-0.023
59.610,-0.032
59.615,-0.037
59.620,-0.035
59.625,-0.031
59.630,-0.030
59.635,-0.031
59.640,-0.023
59.645,-0.016
59.650,-0.023
59.655,-0.026
59.660,-0.027
59.665,-0.034
59.670,-0.044
59.675,-0.048
59.680,-0.043
59.685,-0.041
59.690,-0.043
59.695,-0.037
59.700,-0.034
59.705,-0.038
59.710,-0.040
59.715,-0.036
59.720,-0.036
59.725,-0.041
59.730,-0.045
59.735,-0.045
59.740,-0.045
59.745,-0.056
59.750,-0.074
59.755,-0.086
59.760,-0.096
59.765,-0.110
59.770,-0.119
59.775,-0.123
59.780,-0.124
59.785,-0.128
59.790,-0.151
59.795,-0.176
59.800,-0.177
59.805,-0.161
59.810,-0.161
59.815,-0.165
59.820,-0.131
59.825,-0.073
59.830,-0.025
59.835,-0.003
59.840,0.009
59.845,0.039
59.850,0.065
59.855,0.069
59.860,0.078
59.865,0.099
59.870,0.110
59.875,0.104
59.880,0.096
59.885,0.098
59.890,0.099
59.895,0.087
59.900,0.073
59.905,0.064
59.910,0.053
59.915,0.020
59.920,-0.055
59.925,-0.210
59.930,-0.448
59.935,-0.705
59.940,-0.920
59.945,-0.909
59.950,-0.473
59.955,0.165
59.960,0.542
59.965,0.694
59.970,0.922
59.975,1.104
59.980,0.983
59.985,0.573
59.990,0.201
59.995,0.090
